These are relative spectral response functions of landsat8_tirs, and data are taken from official websites. 
Band name may be different from what you can see on those websites, but the right band numbers are kept. 
c1 is generally what you want to use, but others are also included when they are available. 
Works from Professor Philip Lewis and Jose Gómez-Dans are included.

Feng Yin

Dept. Geography, University College London
Gower St.
London WC1E 6BT, UK
marcyinfeng@gmail.com

c1
band1
10800
9000.0, 9050.0, 9100.0, 9150.0, 9200.0, 9250.0, 9300.0, 9350.0, 9400.0, 9450.0, 9500.0, 9550.0, 9600.0, 9650.0, 9700.0, 9750.0, 9800.0, 9850.0, 9900.0, 9950.0, 10000.0, 10050.0, 10100.0, 10150.0, 10200.0, 10250.0, 10300.0, 10350.0, 10400.0, 10450.0, 10500.0, 10550.0, 10600.0, 10650.0, 10700.0, 10750.0, 10800.0, 10850.0, 10900.0, 10950.0, 11000.0, 11050.0, 11100.0, 11150.0, 11200.0, 11250.0, 11300.0, 11350.0, 11400.0, 11450.0, 11500.0, 11550.0, 11600.0, 11650.0, 11700.0, 11750.0, 11800.0, 11850.0, 11900.0, 11950.0, 12000.0, 12050.0, 12100.0, 12150.0, 12200.0, 12250.0, 12300.0, 12350.0, 12400.0, 12450.0, 12500.0, 12550.0, 12600.0, 12650.0, 12700.0, 12750.0, 12800.0, 12850.0, 12900.0, 12950.0, 13000.0, 13050.0, 13100.0, 13150.0, 13200.0, 13250.0, 13300.0, 13350.0, 13400.0, 13450.0, 13500.0, 13550.0, 13600.0, 13650.0, 13700.0, 13750.0, 13800.0, 13850.0, 13900.0, 13950.0, 14000.0
0.000763334559199, 0.00076370773133, 0.000737974968211, 0.000798954294462, 0.000882550496308, 0.000756846479772, 0.000686285028764, 0.000729632599697, 0.000766481550572, 0.000803796376285, 0.000749008520666, 0.000850169857665, 0.000605446354485, 0.000759770640451, 0.000718412568342, 0.000523530038876, 0.000766247711452, 0.000534019177374, 0.000930960045385, 0.000671104879366, 0.000659340108237, 0.000790662728093, 0.000740077179536, 0.000639066890655, 0.00203597244432, 0.00400118291921, 0.00779829026775, 0.0162238397614, 0.0319576607049, 0.0660799884937, 0.138395247668, 0.278406982387, 0.505662398313, 0.725864199142, 0.808512638025, 0.841080412482, 0.84334859215, 0.873433585474, 0.91544277497, 0.978028907189, 1.0, 0.99088789819, 0.87154837465, 0.653390796059, 0.409641208776, 0.241318408013, 0.135921801434, 0.0712557840716, 0.0330358201082, 0.01332435599, 0.00479307475746, 0.00223744552583, 0.00120953540617, 0.000782367974319, 0.00107372245216, 0.00117196221169, 0.00111896100647, 0.000986674390678, 0.000751325792683, 0.0, 0.00120539503463, 0.00117009951443, 0.000813568261711, 0.000603239015163, 0.00101916684458, 0.000794923553912, 0.000659587925541, 0.000317959679221, 0.00127460703523, 0.000981931045529, 0.00104468902064, 0.000678713105758, 0.000834402145081, 0.000117475125656, 0.000334226304249, 0.000546710300825, 0.000633978133856, 0.000547082328091, 0.000663742182739, 0.000657596331837, 0.000882706517931, 0.000676701342021, 0.00096520074041, 0.000870706048712, 0.000841040557473, 0.000887128451328, 0.000932929200652, 0.000948617167831, 0.000918639224698, 0.000740982968117, 0.000739966255757, 0.000797586638941, 0.000786205349996, 0.000800559494959, 0.000820017930267, 0.000813102451223, 0.000795250436998, 0.000816069239824, 0.000783023151209, 0.000797690042893, 0.000785450551814
band2
12000
9000.0, 9050.0, 9100.0, 9150.0, 9200.0, 9250.0, 9300.0, 9350.0, 9400.0, 9450.0, 9500.0, 9550.0, 9600.0, 9650.0, 9700.0, 9750.0, 9800.0, 9850.0, 9900.0, 9950.0, 10000.0, 10050.0, 10100.0, 10150.0, 10200.0, 10250.0, 10300.0, 10350.0, 10400.0, 10450.0, 10500.0, 10550.0, 10600.0, 10650.0, 10700.0, 10750.0, 10800.0, 10850.0, 10900.0, 10950.0, 11000.0, 11050.0, 11100.0, 11150.0, 11200.0, 11250.0, 11300.0, 11350.0, 11400.0, 11450.0, 11500.0, 11550.0, 11600.0, 11650.0, 11700.0, 11750.0, 11800.0, 11850.0, 11900.0, 11950.0, 12000.0, 12050.0, 12100.0, 12150.0, 12200.0, 12250.0, 12300.0, 12350.0, 12400.0, 12450.0, 12500.0, 12550.0, 12600.0, 12650.0, 12700.0, 12750.0, 12800.0, 12850.0, 12900.0, 12950.0, 13000.0, 13050.0, 13100.0, 13150.0, 13200.0, 13250.0, 13300.0, 13350.0, 13400.0, 13450.0, 13500.0, 13550.0, 13600.0, 13650.0, 13700.0, 13750.0, 13800.0, 13850.0, 13900.0, 13950.0, 14000.0
0.00147111376371, 0.00147595995531, 0.00175187119879, 0.00177019570125, 0.00184013634878, 0.00177161487251, 0.00191439482798, 0.00212519522383, 0.0016879520374, 0.00182987711234, 0.00211888878938, 0.00247533681078, 0.0023035752303, 0.00201279943969, 0.00198007276724, 0.0021427493481, 0.00192352636227, 0.00242623894163, 0.0020170459528, 0.00206189768661, 0.0014608161827, 0.000969511613404, 0.00123417441567, 0.00343097638022, 0.00219617304492, 0.0019010425702, 0.00210061134754, 0.00135376374824, 0.000962685114691, 0.00251068117311, 0.000544599631742, 0.00224673599295, 0.00179822091075, 0.00163459350071, 0.000140755992712, 0.00122778933552, 0.00114958039826, 0.0, 0.00132475607076, 0.00135482038593, 0.00134665508852, 0.000978156780353, 0.00236515469425, 0.00491178053245, 0.0141191341004, 0.0231567767992, 0.0455245808528, 0.0951808586045, 0.17707529761, 0.305834959188, 0.478180943738, 0.677969452158, 0.85650269545, 0.96678734582, 0.977679662899, 0.906317160502, 0.862368040708, 0.829035771358, 0.859573528681, 0.896279126384, 0.972061677964, 0.997528121254, 0.987537924751, 0.987631546969, 0.954109591398, 0.923587577395, 0.961260941723, 1.0, 0.977224355536, 0.801016340418, 0.524503731147, 0.292116912012, 0.152235337429, 0.0740328756627, 0.0342463678921, 0.0134601357964, 0.0068036492244, 0.00339808899534, 0.0033150898885, 0.00326349474609, 0.00327493733686, 0.00199709034882, 0.00207517763947, 0.00185101488474, 0.0023220406601, 0.00183786169814, 0.00231830018615, 0.00242489779817, 0.00235949965853, 0.00209165998174, 0.00176570649931, 0.00180533005068, 0.00172579204828, 0.00186750705447, 0.00178072514409, 0.00185070948747, 0.0017634858901, 0.00182704922717, 0.00194134413286, 0.00183454058924, 0.00176322696422
