These are relative spectral response functions of landsat5_mss, and data are taken from official websites. 
Band name may be different from what you can see on those websites, but the right band numbers are kept. 
c1 is generally what you want to use, but others are also included when they are available. 
Works from Professor Philip Lewis and Jose Gómez-Dans are included.

Feng Yin

Dept. Geography, University College London
Gower St.
London WC1E 6BT, UK
marcyinfeng@gmail.com

c1
band1
550.0
471.0, 472.0, 473.0, 474.0, 475.0, 476.0, 477.0, 478.0, 479.0, 480.0, 481.0, 482.0, 483.0, 484.0, 485.0, 486.0, 487.0, 488.0, 489.0, 490.0, 491.0, 492.0, 493.0, 494.0, 495.0, 496.0, 497.0, 498.0, 499.0, 500.0, 501.0, 502.0, 503.0, 504.0, 505.0, 506.0, 507.0, 508.0, 509.0, 510.0, 511.0, 512.0, 513.0, 514.0, 515.0, 516.0, 517.0, 518.0, 519.0, 520.0, 521.0, 522.0, 523.0, 524.0, 525.0, 526.0, 527.0, 528.0, 529.0, 530.0, 531.0, 532.0, 533.0, 534.0, 535.0, 536.0, 537.0, 538.0, 539.0, 540.0, 541.0, 542.0, 543.0, 544.0, 545.0, 546.0, 547.0, 548.0, 549.0, 550.0, 551.0, 552.0, 553.0, 554.0, 555.0, 556.0, 557.0, 558.0, 559.0, 560.0, 561.0, 562.0, 563.0, 564.0, 565.0, 566.0, 567.0, 568.0, 569.0, 570.0, 571.0, 572.0, 573.0, 574.0, 575.0, 576.0, 577.0, 578.0, 579.0, 580.0, 581.0, 582.0, 583.0, 584.0, 585.0, 586.0, 587.0, 588.0, 589.0, 590.0, 591.0, 592.0, 593.0, 594.0, 595.0, 596.0, 597.0, 598.0, 599.0, 600.0, 601.0, 602.0, 603.0, 604.0, 605.0, 606.0, 607.0, 608.0, 609.0, 610.0, 611.0, 612.0, 613.0, 614.0, 615.0, 616.0, 617.0, 618.0, 619.0, 620.0, 621.0, 622.0, 623.0, 624.0, 625.0, 626.0, 627.0, 628.0, 629.0, 630.0, 631.0, 632.0, 633.0, 634.0, 635.0, 636.0, 637.0, 638.0, 639.0, 640.0, 641.0, 642.0, 643.0, 644.0, 645.0, 646.0, 647.0, 648.0, 649.0, 650.0
0.001, 0.005, 0.007, 0.009, 0.01, 0.013, 0.018, 0.019, 0.021, 0.024, 0.031, 0.047, 0.06, 0.085, 0.102, 0.12, 0.147, 0.162, 0.177, 0.193, 0.228, 0.274, 0.312, 0.342, 0.381, 0.434, 0.485, 0.517, 0.565, 0.604, 0.643, 0.669, 0.685, 0.702, 0.729, 0.74, 0.758, 0.778, 0.797, 0.812, 0.828, 0.837, 0.847, 0.852, 0.857, 0.865, 0.871, 0.875, 0.879, 0.885, 0.895, 0.903, 0.91, 0.917, 0.925, 0.933, 0.939, 0.944, 0.953, 0.959, 0.962, 0.965, 0.967, 0.965, 0.964, 0.964, 0.963, 0.962, 0.961, 0.959, 0.958, 0.959, 0.963, 0.967, 0.971, 0.977, 0.981, 0.984, 0.986, 0.989, 0.99, 0.991, 0.99, 0.987, 0.984, 0.981, 0.979, 0.976, 0.974, 0.971, 0.97, 0.969, 0.969, 0.968, 0.967, 0.965, 0.965, 0.965, 0.964, 0.963, 0.96, 0.956, 0.953, 0.947, 0.941, 0.937, 0.932, 0.926, 0.921, 0.919, 0.916, 0.916, 0.916, 0.917, 0.919, 0.921, 0.922, 0.924, 0.925, 0.921, 0.906, 0.891, 0.874, 0.862, 0.838, 0.812, 0.793, 0.77, 0.748, 0.719, 0.693, 0.663, 0.631, 0.602, 0.566, 0.533, 0.497, 0.46, 0.437, 0.398, 0.364, 0.338, 0.311, 0.285, 0.244, 0.211, 0.187, 0.159, 0.132, 0.103, 0.092, 0.082, 0.072, 0.066, 0.063, 0.058, 0.053, 0.046, 0.04, 0.038, 0.035, 0.033, 0.03, 0.028, 0.026, 0.023, 0.021, 0.019, 0.018, 0.017, 0.015, 0.014, 0.012, 0.012, 0.012, 0.012, 0.005, 0.004, 0.0, 0.0
band2
650.0
580.0, 581.0, 582.0, 583.0, 584.0, 585.0, 586.0, 587.0, 588.0, 589.0, 590.0, 591.0, 592.0, 593.0, 594.0, 595.0, 596.0, 597.0, 598.0, 599.0, 600.0, 601.0, 602.0, 603.0, 604.0, 605.0, 606.0, 607.0, 608.0, 609.0, 610.0, 611.0, 612.0, 613.0, 614.0, 615.0, 616.0, 617.0, 618.0, 619.0, 620.0, 621.0, 622.0, 623.0, 624.0, 625.0, 626.0, 627.0, 628.0, 629.0, 630.0, 631.0, 632.0, 633.0, 634.0, 635.0, 636.0, 637.0, 638.0, 639.0, 640.0, 641.0, 642.0, 643.0, 644.0, 645.0, 646.0, 647.0, 648.0, 649.0, 650.0, 651.0, 652.0, 653.0, 654.0, 655.0, 656.0, 657.0, 658.0, 659.0, 660.0, 661.0, 662.0, 663.0, 664.0, 665.0, 666.0, 667.0, 668.0, 669.0, 670.0, 671.0, 672.0, 673.0, 674.0, 675.0, 676.0, 677.0, 678.0, 679.0, 680.0, 681.0, 682.0, 683.0, 684.0, 685.0, 686.0, 687.0, 688.0, 689.0, 690.0, 691.0, 692.0, 693.0, 694.0, 695.0, 696.0, 697.0, 698.0, 699.0, 700.0, 701.0, 702.0, 703.0, 704.0, 705.0, 706.0, 707.0, 708.0, 709.0, 710.0, 711.0, 712.0, 713.0, 714.0, 715.0, 716.0, 717.0, 718.0, 719.0, 720.0, 721.0, 722.0, 723.0, 724.0, nan, 725.0
0.001, 0.001, 0.01, 0.014, 0.015, 0.018, 0.023, 0.028, 0.037, 0.05, 0.082, 0.116, 0.142, 0.175, 0.213, 0.247, 0.278, 0.315, 0.358, 0.396, 0.429, 0.467, 0.511, 0.543, 0.59, 0.63, 0.661, 0.702, 0.74, 0.769, 0.795, 0.816, 0.833, 0.846, 0.862, 0.873, 0.889, 0.899, 0.916, 0.93, 0.94, 0.946, 0.949, 0.953, 0.959, 0.963, 0.967, 0.97, 0.976, 0.979, 0.981, 0.982, 0.984, 0.986, 0.988, 0.99, 0.991, 0.992, 0.992, 0.991, 0.99, 0.987, 0.982, 0.98, 0.976, 0.972, 0.968, 0.963, 0.958, 0.954, 0.948, 0.946, 0.943, 0.94, 0.936, 0.931, 0.927, 0.924, 0.92, 0.916, 0.913, 0.911, 0.908, 0.906, 0.903, 0.898, 0.896, 0.893, 0.889, 0.886, 0.884, 0.881, 0.878, 0.874, 0.87, 0.868, 0.866, 0.86, 0.855, 0.853, 0.846, 0.84, 0.835, 0.832, 0.826, 0.821, 0.816, 0.812, 0.8, 0.773, 0.726, 0.68, 0.639, 0.601, 0.551, 0.509, 0.458, 0.412, 0.362, 0.325, 0.29, 0.262, 0.232, 0.207, 0.181, 0.15, 0.131, 0.103, 0.079, 0.063, 0.056, 0.049, 0.044, 0.04, 0.035, 0.03, 0.025, 0.022, 0.018, 0.016, 0.014, 0.011, 0.009, 0.007, 0.004, nan, 0.0
band3
750.0
674.0, 675.0, 676.0, 677.0, 678.0, 679.0, 680.0, 681.0, 682.0, 683.0, 684.0, 685.0, 686.0, 687.0, 688.0, 689.0, 690.0, 691.0, 692.0, 693.0, 694.0, 695.0, 696.0, 697.0, 698.0, 699.0, 700.0, 701.0, 702.0, 703.0, 704.0, 705.0, 706.0, 707.0, 708.0, 709.0, 710.0, 711.0, 712.0, 713.0, 714.0, 715.0, 716.0, 717.0, 718.0, 719.0, 720.0, 721.0, 722.0, 723.0, 724.0, 725.0, 726.0, 727.0, 728.0, 729.0, 730.0, 731.0, 732.0, 733.0, 734.0, 735.0, 736.0, 737.0, 738.0, 739.0, 740.0, 741.0, 742.0, 743.0, 744.0, 745.0, 746.0, 747.0, 748.0, 749.0, 750.0, 751.0, 752.0, 753.0, 754.0, 755.0, 756.0, 757.0, 758.0, 759.0, 760.0, 761.0, 762.0, 763.0, 764.0, 765.0, 766.0, 767.0, 768.0, 769.0, 770.0, 771.0, 772.0, 773.0, 774.0, 775.0, 776.0, 777.0, 778.0, 779.0, 780.0, 781.0, 782.0, 783.0, 784.0, 785.0, 786.0, 787.0, 788.0, 789.0, 790.0, 791.0, 792.0, 793.0, 794.0, 795.0, 796.0, 797.0, 798.0, 799.0, 800.0, 801.0, 802.0, 803.0, 804.0, 805.0, 806.0, 807.0, 808.0, 809.0, 810.0, 811.0, 812.0, 813.0, 814.0, 815.0, 816.0, 817.0, 818.0, 819.0, 820.0, 821.0, 822.0, 823.0, 824.0, 825.0, 826.0, 827.0, 828.0, 829.0, 830.0, 831.0, 832.0, 833.0, 834.0, 835.0, 836.0, 837.0, 838.0, 839.0, 840.0, 841.0, 842.0, 843.0, 844.0, 845.0, 846.0, 847.0, 848.0, 849.0, 850.0
0.0, 0.002, 0.001, 0.001, 0.002, 0.004, 0.005, 0.006, 0.009, 0.016, 0.022, 0.028, 0.036, 0.04, 0.048, 0.054, 0.063, 0.075, 0.092, 0.108, 0.126, 0.143, 0.17, 0.189, 0.208, 0.226, 0.252, 0.279, 0.322, 0.395, 0.456, 0.51, 0.564, 0.627, 0.68, 0.723, 0.793, 0.844, 0.875, 0.898, 0.909, 0.92, 0.934, 0.946, 0.955, 0.972, 0.985, 0.99, 0.99, 0.988, 0.986, 0.981, 0.973, 0.967, 0.962, 0.954, 0.947, 0.942, 0.939, 0.932, 0.928, 0.923, 0.918, 0.91, 0.906, 0.901, 0.896, 0.892, 0.89, 0.888, 0.888, 0.888, 0.888, 0.888, 0.887, 0.887, 0.887, 0.885, 0.885, 0.884, 0.883, 0.882, 0.881, 0.88, 0.88, 0.88, 0.879, 0.877, 0.873, 0.871, 0.864, 0.858, 0.855, 0.849, 0.844, 0.84, 0.833, 0.829, 0.827, 0.826, 0.824, 0.824, 0.822, 0.821, 0.82, 0.82, 0.818, 0.816, 0.814, 0.811, 0.808, 0.805, 0.802, 0.798, 0.795, 0.793, 0.79, 0.786, 0.778, 0.773, 0.768, 0.763, 0.756, 0.748, 0.743, 0.737, 0.733, 0.73, 0.727, 0.726, 0.724, 0.724, 0.724, 0.721, 0.719, 0.716, 0.712, 0.689, 0.647, 0.601, 0.559, 0.496, 0.444, 0.394, 0.353, 0.289, 0.234, 0.193, 0.167, 0.148, 0.13, 0.113, 0.102, 0.084, 0.067, 0.05, 0.037, 0.028, 0.021, 0.019, 0.017, 0.015, 0.013, 0.01, 0.007, 0.005, 0.004, 0.002, 0.002, 0.003, 0.003, 0.003, 0.003, 0.003, 0.002, 0.0, 0.0
band4
950.0
764.0, 765.0, 766.0, 767.0, 768.0, 769.0, 770.0, 771.0, 772.0, 773.0, 774.0, 775.0, 776.0, 777.0, 778.0, 779.0, 780.0, 781.0, 782.0, 783.0, 784.0, 785.0, 786.0, 787.0, 788.0, 789.0, 790.0, 791.0, 792.0, 793.0, 794.0, 795.0, 796.0, 797.0, 798.0, 799.0, 800.0, 801.0, 802.0, 803.0, 804.0, 805.0, 806.0, 807.0, 808.0, 809.0, 810.0, 811.0, 812.0, 813.0, 814.0, 815.0, 816.0, 817.0, 818.0, 819.0, 820.0, 821.0, 822.0, 823.0, 824.0, 825.0, 826.0, 827.0, 828.0, 829.0, 830.0, 831.0, 832.0, 833.0, 834.0, 835.0, 836.0, 837.0, 838.0, 839.0, 840.0, 841.0, 842.0, 843.0, 844.0, 845.0, 846.0, 847.0, 848.0, 849.0, 850.0, 851.0, 852.0, 853.0, 854.0, 855.0, 856.0, 857.0, 858.0, 859.0, 860.0, 861.0, 862.0, 863.0, 864.0, 865.0, 866.0, 867.0, 868.0, 869.0, 870.0, 871.0, 872.0, 873.0, 874.0, 875.0, 876.0, 877.0, 878.0, 879.0, 880.0, 881.0, 882.0, 883.0, 884.0, 885.0, 886.0, 887.0, 888.0, 889.0, 890.0, 891.0, 892.0, 893.0, 894.0, 895.0, 896.0, 897.0, 898.0, 899.0, 900.0, 901.0, 902.0, 903.0, 904.0, 905.0, 906.0, 907.0, 908.0, 909.0, 910.0, 911.0, 912.0, 913.0, 914.0, 915.0, 916.0, 917.0, 918.0, 919.0, 920.0, 921.0, 922.0, 923.0, 924.0, 925.0, 926.0, 927.0, 928.0, 929.0, 930.0, 931.0, 932.0, 933.0, 934.0, 935.0, 936.0, 937.0, 938.0, 939.0, 940.0, 941.0, 942.0, 943.0, 944.0, 945.0, 946.0, 947.0, 948.0, 949.0, 950.0, 951.0, 952.0, 953.0, 954.0, 955.0, 956.0, 957.0, 958.0, 959.0, 960.0, 961.0, 962.0, 963.0, 964.0, 965.0, 966.0, 967.0, 968.0, 969.0, 970.0, 971.0, 972.0, 973.0, 974.0, 975.0, 976.0, 977.0, 978.0, 979.0, 980.0, 981.0, 982.0, 983.0, 984.0, 985.0, 986.0, 987.0, 988.0, 989.0, 990.0, 991.0, 992.0, 993.0, 994.0, 995.0, 996.0, 997.0, 998.0, 999.0, 1000.0, 1001.0, 1002.0, 1003.0, 1004.0, 1005.0, 1006.0, 1007.0, 1008.0, 1009.0, 1010.0, 1011.0, 1012.0, 1013.0, 1014.0, 1015.0, 1016.0, 1017.0, 1018.0, 1019.0, 1020.0, 1021.0, 1022.0, 1023.0, 1024.0, 1025.0, 1026.0, 1027.0, 1028.0, 1029.0, 1030.0, 1031.0, 1032.0, 1033.0, 1034.0, 1035.0, 1036.0, 1037.0, 1038.0, 1039.0, 1040.0, 1041.0, 1042.0, 1043.0, 1044.0, 1045.0, 1046.0, 1047.0, 1048.0, 1049.0, 1050.0, 1051.0, 1052.0, 1053.0, 1054.0, 1055.0, 1056.0, 1057.0, 1058.0, 1059.0, 1060.0, 1061.0, 1062.0, 1063.0, 1064.0, 1065.0, 1066.0, 1067.0, 1068.0, 1069.0, 1070.0, 1071.0, 1072.0, 1073.0, 1074.0, 1075.0, 1076.0, 1077.0, 1078.0, 1079.0, 1080.0, 1081.0, 1082.0, 1083.0, 1084.0, 1085.0, 1086.0, 1087.0, 1088.0, 1089.0, 1090.0, 1091.0, 1092.0, 1093.0, 1094.0, 1095.0, 1096.0, 1097.0, 1098.0, 1099.0, 1100.0, 1101.0, 1102.0, 1103.0, 1104.0, 1105.0
0.0, 0.0, 0.002, 0.002, 0.002, 0.002, 0.002, 0.002, 0.002, 0.001, 0.001, 0.001, 0.001, 0.001, 0.001, 0.003, 0.005, 0.007, 0.009, 0.012, 0.016, 0.02, 0.023, 0.026, 0.03, 0.033, 0.037, 0.041, 0.049, 0.063, 0.074, 0.086, 0.094, 0.103, 0.11, 0.123, 0.138, 0.164, 0.186, 0.227, 0.26, 0.293, 0.314, 0.35, 0.403, 0.465, 0.498, 0.525, 0.567, 0.593, 0.636, 0.667, 0.704, 0.741, 0.771, 0.823, 0.859, 0.883, 0.898, 0.923, 0.931, 0.946, 0.95, 0.951, 0.953, 0.955, 0.957, 0.959, 0.962, 0.966, 0.968, 0.97, 0.972, 0.974, 0.977, 0.98, 0.981, 0.982, 0.984, 0.984, 0.984, 0.985, 0.985, 0.985, 0.985, 0.984, 0.984, 0.983, 0.982, 0.981, 0.98, 0.979, 0.978, 0.977, 0.976, 0.975, 0.974, 0.973, 0.972, 0.972, 0.972, 0.972, 0.972, 0.972, 0.972, 0.972, 0.972, 0.973, 0.973, 0.973, 0.973, 0.973, 0.974, 0.974, 0.973, 0.974, 0.974, 0.974, 0.974, 0.974, 0.975, 0.975, 0.975, 0.975, 0.975, 0.975, 0.975, 0.975, 0.975, 0.974, 0.974, 0.974, 0.974, 0.974, 0.975, 0.975, 0.975, 0.975, 0.974, 0.974, 0.974, 0.972, 0.971, 0.97, 0.97, 0.97, 0.97, 0.969, 0.968, 0.968, 0.968, 0.968, 0.968, 0.967, 0.966, 0.964, 0.963, 0.962, 0.961, 0.961, 0.959, 0.957, 0.955, 0.954, 0.951, 0.949, 0.945, 0.944, 0.942, 0.939, 0.936, 0.932, 0.929, 0.926, 0.924, 0.921, 0.918, 0.915, 0.912, 0.909, 0.906, 0.902, 0.899, 0.897, 0.894, 0.892, 0.889, 0.886, 0.884, 0.881, 0.877, 0.873, 0.871, 0.868, 0.866, 0.864, 0.861, 0.859, 0.856, 0.854, 0.851, 0.847, 0.843, 0.84, 0.837, 0.832, 0.828, 0.823, 0.82, 0.818, 0.814, 0.81, 0.807, 0.803, 0.8, 0.797, 0.792, 0.788, 0.784, 0.782, 0.781, 0.775, 0.767, 0.762, 0.757, 0.751, 0.747, 0.744, 0.742, 0.739, 0.735, 0.728, 0.721, 0.717, 0.712, 0.708, 0.703, 0.699, 0.694, 0.689, 0.683, 0.677, 0.67, 0.665, 0.659, 0.654, 0.647, 0.639, 0.633, 0.625, 0.62, 0.616, 0.608, 0.601, 0.595, 0.587, 0.579, 0.573, 0.566, 0.562, 0.558, 0.554, 0.551, 0.546, 0.54, 0.533, 0.529, 0.527, 0.522, 0.519, 0.515, 0.511, 0.505, 0.502, 0.5, 0.497, 0.494, 0.488, 0.483, 0.478, 0.47, 0.464, 0.46, 0.453, 0.447, 0.44, 0.434, 0.429, 0.424, 0.419, 0.414, 0.41, 0.405, 0.4, 0.391, 0.385, 0.379, 0.374, 0.37, 0.365, 0.36, 0.353, 0.349, 0.346, 0.343, 0.339, 0.336, 0.332, 0.329, 0.325, 0.32, 0.317, 0.313, 0.309, 0.304, 0.3, 0.297, 0.292, 0.287, 0.282, 0.278, 0.275, 0.272, 0.269, 0.266, 0.261, 0.256, 0.251, 0.247, 0.239, 0.234, 0.23, 0.226, 0.222, 0.189, 0.183, 0.167, 0.124, 0.11, 0.053, 0.0, 0.0
