These are relative spectral response functions of aqua, and data are taken from official websites. 
Band name may be different from what you can see on those websites, but the right band numbers are kept. 
c1 is generally what you want to use, but others are also included when they are available. 
Works from Professor Philip Lewis and Jose Gómez-Dans are included.

Feng Yin

Dept. Geography, University College London
Gower St.
London WC1E 6BT, UK
marcyinfeng@gmail.com

c1
band1
645.8403499
613.3005, 614.9855, 617.9669, 619.9886, 622.9658, 624.9765, 627.9829, 629.9695, 632.9832, 634.9731, 637.9685, 639.969, 642.9802, 644.9682, 647.9722, 649.9854, 652.9899, 654.967, 657.976, 659.9895, 662.9664, 664.9664, 667.974, 669.9767, 672.9728, 674.9848, 677.9862, 679.9808, 681.4409
0.01, 0.02493, 0.16273, 0.38225, 0.68988, 0.7566, 0.76827, 0.77672, 0.78309, 0.7891, 0.80269, 0.81505, 0.84169, 0.86649, 0.90927, 0.92262, 0.96667, 0.98803, 1.0, 0.96444, 0.809, 0.72312, 0.54417, 0.39111, 0.17707, 0.09278, 0.03173, 0.0149, 0.01
band2
856.877853417
820.0322, 822.0051, 824.0037, 826.9963, 828.9936, 831.9895, 833.9851, 836.9896, 838.9948, 841.9997, 844.0025, 846.9965, 848.9913, 851.9867, 854.0024, 856.9861, 858.9886, 861.9994, 863.9938, 867.0015, 868.9833, 871.9843, 873.9937, 877.0067, 878.9906, 881.9873, 884.0002, 886.9988, 888.9841, 891.9924, 893.9979, 896.9948, 898.9871
0.01, 0.01692, 0.03107, 0.07441, 0.115, 0.19512, 0.25955, 0.39759, 0.52634, 0.70915, 0.82138, 0.9163, 0.94739, 0.98529, 0.9908, 1.0, 0.97942, 0.97466, 0.94204, 0.89802, 0.84825, 0.78591, 0.70113, 0.43634, 0.24993, 0.10807, 0.06845, 0.04148, 0.03264, 0.02387, 0.01956, 0.01413, 0.01038
band3
466.07150204
451.3119, 451.7058, 452.6856, 453.6964, 454.709, 455.6937, 456.7053, 457.6863, 458.6915, 459.6916, 460.6858, 461.7009, 462.7087, 463.7095, 464.7036, 465.6919, 466.702, 467.7087, 468.687, 469.6917, 470.6979, 471.7074, 472.6948, 473.6877, 474.6868, 475.6927, 476.7053, 477.6967, 478.6936, 479.695, 480.6998, 481.2391
0.01, 0.01243, 0.02624, 0.06454, 0.15154, 0.3041, 0.5185, 0.72689, 0.89583, 0.9816, 1.0, 0.96587, 0.92312, 0.89256, 0.8892, 0.89065, 0.8988, 0.9132, 0.94288, 0.96681, 0.96864, 0.94372, 0.88415, 0.77916, 0.64182, 0.46936, 0.30095, 0.16503, 0.07695, 0.03263, 0.01391, 0.01
band4
553.917076647
538.8214, 539.7411, 540.7255, 541.7313, 542.7304, 543.7491, 544.7339, 545.7384, 546.7367, 547.7299, 548.7455, 549.733, 550.7463, 551.735, 552.7269, 553.7495, 554.7253, 555.7338, 556.7492, 557.7446, 558.7462, 559.726, 560.7376, 561.725, 562.7418, 563.7314, 564.7473, 565.7331, 566.7422, 567.7462, 568.7438, 568.9575
0.01, 0.02297, 0.05619, 0.12651, 0.24326, 0.40981, 0.59926, 0.77595, 0.89898, 0.96551, 0.9855, 0.99223, 1.0, 0.99494, 0.98212, 0.97823, 0.96806, 0.95739, 0.95718, 0.95077, 0.93666, 0.91483, 0.86969, 0.78703, 0.67157, 0.52745, 0.35015, 0.19514, 0.08616, 0.03147, 0.01154, 0.01
band5
1241.49758039
1212.5487, 1213.2175, 1214.7279, 1216.1934, 1217.7188, 1219.1992, 1220.687, 1222.1819, 1223.6831, 1225.1902, 1226.7018, 1228.217, 1229.6803, 1231.1991, 1232.7174, 1234.1801, 1235.694, 1237.2037, 1238.7084, 1240.2068, 1241.698, 1243.1819, 1244.7103, 1246.1779, 1247.6896, 1249.1931, 1250.6893, 1252.1791, 1253.7145, 1255.1946, 1256.7229, 1258.1991, 1259.7267, 1261.2052, 1262.687, 1264.2249, 1265.7173, 1267.2163, 1268.7227, 1270.1844, 1270.1924
0.01, 0.01117, 0.01608, 0.02492, 0.03818, 0.04862, 0.06678, 0.10054, 0.15332, 0.20849, 0.26656, 0.37011, 0.4973, 0.58289, 0.64709, 0.77753, 0.88235, 0.88284, 0.92946, 0.97872, 0.98165, 0.97627, 1.0, 0.9737, 0.95036, 0.86217, 0.73183, 0.54895, 0.46245, 0.36557, 0.21247, 0.12525, 0.09942, 0.0814, 0.05129, 0.0294, 0.02298, 0.02075, 0.01682, 0.01002, 0.01
band6
1628.08776832
1595.4365, 1596.1855, 1598.1567, 1600.1655, 1602.1594, 1604.187, 1606.1495, 1608.1465, 1610.1787, 1612.1523, 1614.1677, 1616.1804, 1618.1469, 1620.1669, 1622.1479, 1624.1895, 1626.1469, 1628.1678, 1630.1534, 1632.1517, 1634.1611, 1636.1791, 1638.1515, 1640.1764, 1642.1488, 1644.1665, 1646.1754, 1648.1729, 1650.1565, 1652.1741, 1654.1755, 1656.1611, 1658.1805, 1660.1877, 1662.186, 1662.9935
0.01, 0.01143, 0.01727, 0.02786, 0.04333, 0.07581, 0.11915, 0.175, 0.2546, 0.34169, 0.46266, 0.60836, 0.70012, 0.78652, 0.87498, 1.0, 0.98511, 0.95914, 0.91865, 0.84853, 0.79107, 0.74123, 0.66957, 0.60807, 0.48281, 0.33299, 0.22543, 0.17788, 0.14214, 0.09009, 0.04029, 0.02323, 0.01823, 0.01529, 0.0119, 0.01
band7
2113.99922695
2058.5342, 2062.0884, 2067.1008, 2072.0967, 2077.0759, 2082.0896, 2087.0869, 2092.082, 2097.0808, 2102.0869, 2107.0791, 2112.082, 2117.1028, 2122.0718, 2127.0959, 2132.0854, 2137.083, 2142.0764, 2147.0991, 2152.0808, 2157.0945, 2162.0793, 2167.0754, 2172.0784, 2175.6548
0.01, 0.0141, 0.02782, 0.06382, 0.14485, 0.29803, 0.55323, 0.77832, 0.9089, 1.0, 0.9079, 0.94869, 0.89372, 0.82844, 0.74917, 0.6359, 0.54515, 0.45774, 0.35, 0.21303, 0.12975, 0.06597, 0.02631, 0.0134, 0.01
c10
band1
645.8403499
613.3005, 614.9855, 617.9669, 619.9886, 622.9658, 624.9765, 627.9829, 629.9695, 632.9832, 634.9731, 637.9685, 639.969, 642.9802, 644.9682, 647.9722, 649.9854, 652.9899, 654.967, 657.976, 659.9895, 662.9664, 664.9664, 667.974, 669.9767, 672.9728, 674.9848, 677.9862, 679.9808, 681.4409
0.01, 0.02493, 0.16273, 0.38225, 0.68988, 0.7566, 0.76827, 0.77672, 0.78309, 0.7891, 0.80269, 0.81505, 0.84169, 0.86649, 0.90927, 0.92262, 0.96667, 0.98803, 1.0, 0.96444, 0.809, 0.72312, 0.54417, 0.39111, 0.17707, 0.09278, 0.03173, 0.0149, 0.01
band2
856.887055361
820.0159, 822.9703, 824.9689, 827.9615, 829.9588, 832.9547, 834.9503, 837.9548, 839.96, 842.9649, 844.9677, 847.9617, 849.9565, 852.9519, 854.9676, 857.9513, 859.9538, 862.9646, 864.959, 867.9667, 869.9485, 872.9495, 874.9589, 877.9719, 879.9558, 882.9525, 884.9654, 887.964, 889.9493, 892.9576, 894.9631, 897.96, 899.3314
0.01, 0.02463, 0.04422, 0.0902, 0.1294, 0.20504, 0.27916, 0.47029, 0.64654, 0.87811, 0.97714, 0.99538, 0.9842, 0.97013, 0.96559, 0.97408, 0.97074, 1.0, 0.99055, 0.96697, 0.92466, 0.78623, 0.62997, 0.33711, 0.18989, 0.08506, 0.05639, 0.03668, 0.03041, 0.02346, 0.01903, 0.01254, 0.01
band3
466.066581257
451.4691, 452.2386, 453.2184, 454.2292, 455.2418, 456.2265, 457.2381, 458.2191, 459.2243, 460.2244, 461.2186, 462.2337, 463.2415, 464.2423, 465.2364, 466.2247, 467.2348, 468.2415, 469.2198, 470.2245, 471.2307, 472.2402, 473.2276, 474.2205, 475.2196, 476.2255, 477.2381, 478.2295, 479.2264, 480.2278, 481.2318
0.01, 0.01674, 0.03822, 0.0949, 0.21305, 0.39606, 0.62186, 0.81481, 0.94794, 1.0, 0.9923, 0.94519, 0.89303, 0.86089, 0.85359, 0.85415, 0.86206, 0.87886, 0.90468, 0.92205, 0.91603, 0.87949, 0.81203, 0.70053, 0.55734, 0.38699, 0.23184, 0.11809, 0.05259, 0.02213, 0.01
band4
553.910858838
538.631, 539.1706, 540.1598, 541.1442, 542.15, 543.1491, 544.1678, 545.1526, 546.1571, 547.1554, 548.1486, 549.1642, 550.1517, 551.165, 552.1537, 553.1456, 554.1682, 555.144, 556.1525, 557.1679, 558.1633, 559.1649, 560.1447, 561.1563, 562.1437, 563.1605, 564.1501, 565.166, 566.1518, 567.1609, 568.1649, 568.9299
0.01, 0.01467, 0.03688, 0.08669, 0.18111, 0.32527, 0.50938, 0.69543, 0.84712, 0.941, 0.98337, 0.99363, 0.99771, 1.0, 0.99462, 0.98644, 0.98457, 0.98284, 0.98344, 0.98473, 0.98226, 0.9665, 0.94108, 0.87918, 0.77682, 0.62671, 0.45174, 0.2686, 0.1337, 0.05323, 0.01911, 0.01
band5
1241.48781917
1213.3032, 1214.6849, 1216.1953, 1217.6608, 1219.1862, 1220.6666, 1222.1544, 1223.6493, 1225.1505, 1226.6576, 1228.1692, 1229.6844, 1231.1477, 1232.6665, 1234.1848, 1235.6475, 1237.1614, 1238.6711, 1240.1758, 1241.6742, 1243.1654, 1244.6493, 1246.1777, 1247.6453, 1249.157, 1250.6605, 1252.1567, 1253.6465, 1255.1819, 1256.662, 1258.1903, 1259.6665, 1261.1941, 1262.6726, 1264.1544, 1265.6923, 1267.1847, 1268.6837, 1270.1901, 1271.3241
0.01, 0.01397, 0.0203, 0.03006, 0.04373, 0.06194, 0.08966, 0.13359, 0.19447, 0.27291, 0.36596, 0.47079, 0.58577, 0.70388, 0.79868, 0.8645, 0.93234, 0.97476, 0.9861, 0.99048, 1.0, 0.98163, 0.93116, 0.87276, 0.80124, 0.70217, 0.58056, 0.44601, 0.31531, 0.23121, 0.16907, 0.11127, 0.06814, 0.05001, 0.03986, 0.02979, 0.01979, 0.01439, 0.01173, 0.01
band6
1628.06321223
1595.2184, 1595.415, 1597.4474, 1599.4186, 1601.4274, 1603.4213, 1605.4489, 1607.4114, 1609.4083, 1611.4406, 1613.4142, 1615.4296, 1617.4423, 1619.4087, 1621.4287, 1623.4098, 1625.4513, 1627.4087, 1629.4297, 1631.4153, 1633.4136, 1635.423, 1637.4409, 1639.4133, 1641.4382, 1643.4106, 1645.4283, 1647.4373, 1649.4347, 1651.4183, 1653.4359, 1655.4374, 1657.423, 1659.4424, 1660.705
0.01, 0.01035, 0.01552, 0.02301, 0.03528, 0.05599, 0.09075, 0.144, 0.22337, 0.32904, 0.44266, 0.57734, 0.72424, 0.85766, 0.96206, 0.99502, 0.99809, 1.0, 0.99842, 0.98059, 0.94617, 0.87998, 0.78232, 0.66304, 0.53444, 0.4173, 0.31265, 0.20866, 0.11892, 0.07217, 0.04868, 0.03526, 0.02347, 0.01373, 0.01
band7
2113.94678549
2058.4543, 2060.4712, 2065.4558, 2070.4683, 2075.4641, 2080.4434, 2085.457, 2090.4543, 2095.4495, 2100.4482, 2105.4543, 2110.4465, 2115.4495, 2120.4702, 2125.4392, 2130.4634, 2135.4529, 2140.4504, 2145.4438, 2150.4666, 2155.4482, 2160.4619, 2165.4468, 2170.4429, 2174.3254
0.01, 0.01199, 0.02206, 0.0444, 0.09416, 0.21269, 0.42385, 0.69206, 0.91204, 0.98481, 1.0, 0.93525, 0.88561, 0.80921, 0.7223, 0.64802, 0.57161, 0.4923, 0.38673, 0.2603, 0.14122, 0.07046, 0.03614, 0.01707, 0.01
c2
band1
645.8403499
613.3005, 614.9855, 617.9669, 619.9886, 622.9658, 624.9765, 627.9829, 629.9695, 632.9832, 634.9731, 637.9685, 639.969, 642.9802, 644.9682, 647.9722, 649.9854, 652.9899, 654.967, 657.976, 659.9895, 662.9664, 664.9664, 667.974, 669.9767, 672.9728, 674.9848, 677.9862, 679.9808, 681.4409
0.01, 0.02493, 0.16273, 0.38225, 0.68988, 0.7566, 0.76827, 0.77672, 0.78309, 0.7891, 0.80269, 0.81505, 0.84169, 0.86649, 0.90927, 0.92262, 0.96667, 0.98803, 1.0, 0.96444, 0.809, 0.72312, 0.54417, 0.39111, 0.17707, 0.09278, 0.03173, 0.0149, 0.01
band2
856.877853417
820.0322, 822.0051, 824.0037, 826.9963, 828.9936, 831.9895, 833.9851, 836.9896, 838.9948, 841.9997, 844.0025, 846.9965, 848.9913, 851.9867, 854.0024, 856.9861, 858.9886, 861.9994, 863.9938, 867.0015, 868.9833, 871.9843, 873.9937, 877.0067, 878.9906, 881.9873, 884.0002, 886.9988, 888.9841, 891.9924, 893.9979, 896.9948, 898.9871
0.01, 0.01692, 0.03107, 0.07441, 0.115, 0.19512, 0.25955, 0.39759, 0.52634, 0.70915, 0.82138, 0.9163, 0.94739, 0.98529, 0.9908, 1.0, 0.97942, 0.97466, 0.94204, 0.89802, 0.84825, 0.78591, 0.70113, 0.43634, 0.24993, 0.10807, 0.06845, 0.04148, 0.03264, 0.02387, 0.01956, 0.01413, 0.01038
band3
466.07150204
451.3119, 451.7058, 452.6856, 453.6964, 454.709, 455.6937, 456.7053, 457.6863, 458.6915, 459.6916, 460.6858, 461.7009, 462.7087, 463.7095, 464.7036, 465.6919, 466.702, 467.7087, 468.687, 469.6917, 470.6979, 471.7074, 472.6948, 473.6877, 474.6868, 475.6927, 476.7053, 477.6967, 478.6936, 479.695, 480.6998, 481.2391
0.01, 0.01243, 0.02624, 0.06454, 0.15154, 0.3041, 0.5185, 0.72689, 0.89583, 0.9816, 1.0, 0.96587, 0.92312, 0.89256, 0.8892, 0.89065, 0.8988, 0.9132, 0.94288, 0.96681, 0.96864, 0.94372, 0.88415, 0.77916, 0.64182, 0.46936, 0.30095, 0.16503, 0.07695, 0.03263, 0.01391, 0.01
band4
553.917076647
538.8214, 539.7411, 540.7255, 541.7313, 542.7304, 543.7491, 544.7339, 545.7384, 546.7367, 547.7299, 548.7455, 549.733, 550.7463, 551.735, 552.7269, 553.7495, 554.7253, 555.7338, 556.7492, 557.7446, 558.7462, 559.726, 560.7376, 561.725, 562.7418, 563.7314, 564.7473, 565.7331, 566.7422, 567.7462, 568.7438, 568.9575
0.01, 0.02297, 0.05619, 0.12651, 0.24326, 0.40981, 0.59926, 0.77595, 0.89898, 0.96551, 0.9855, 0.99223, 1.0, 0.99494, 0.98212, 0.97823, 0.96806, 0.95739, 0.95718, 0.95077, 0.93666, 0.91483, 0.86969, 0.78703, 0.67157, 0.52745, 0.35015, 0.19514, 0.08616, 0.03147, 0.01154, 0.01
band5
1241.49758039
1212.5487, 1213.2175, 1214.7279, 1216.1934, 1217.7188, 1219.1992, 1220.687, 1222.1819, 1223.6831, 1225.1902, 1226.7018, 1228.217, 1229.6803, 1231.1991, 1232.7174, 1234.1801, 1235.694, 1237.2037, 1238.7084, 1240.2068, 1241.698, 1243.1819, 1244.7103, 1246.1779, 1247.6896, 1249.1931, 1250.6893, 1252.1791, 1253.7145, 1255.1946, 1256.7229, 1258.1991, 1259.7267, 1261.2052, 1262.687, 1264.2249, 1265.7173, 1267.2163, 1268.7227, 1270.1844, 1270.1924
0.01, 0.01117, 0.01608, 0.02492, 0.03818, 0.04862, 0.06678, 0.10054, 0.15332, 0.20849, 0.26656, 0.37011, 0.4973, 0.58289, 0.64709, 0.77753, 0.88235, 0.88284, 0.92946, 0.97872, 0.98165, 0.97627, 1.0, 0.9737, 0.95036, 0.86217, 0.73183, 0.54895, 0.46245, 0.36557, 0.21247, 0.12525, 0.09942, 0.0814, 0.05129, 0.0294, 0.02298, 0.02075, 0.01682, 0.01002, 0.01
band6
1628.08776832
1595.4365, 1596.1855, 1598.1567, 1600.1655, 1602.1594, 1604.187, 1606.1495, 1608.1465, 1610.1787, 1612.1523, 1614.1677, 1616.1804, 1618.1469, 1620.1669, 1622.1479, 1624.1895, 1626.1469, 1628.1678, 1630.1534, 1632.1517, 1634.1611, 1636.1791, 1638.1515, 1640.1764, 1642.1488, 1644.1665, 1646.1754, 1648.1729, 1650.1565, 1652.1741, 1654.1755, 1656.1611, 1658.1805, 1660.1877, 1662.186, 1662.9935
0.01, 0.01143, 0.01727, 0.02786, 0.04333, 0.07581, 0.11915, 0.175, 0.2546, 0.34169, 0.46266, 0.60836, 0.70012, 0.78652, 0.87498, 1.0, 0.98511, 0.95914, 0.91865, 0.84853, 0.79107, 0.74123, 0.66957, 0.60807, 0.48281, 0.33299, 0.22543, 0.17788, 0.14214, 0.09009, 0.04029, 0.02323, 0.01823, 0.01529, 0.0119, 0.01
band7
2113.99922695
2058.5342, 2062.0884, 2067.1008, 2072.0967, 2077.0759, 2082.0896, 2087.0869, 2092.082, 2097.0808, 2102.0869, 2107.0791, 2112.082, 2117.1028, 2122.0718, 2127.0959, 2132.0854, 2137.083, 2142.0764, 2147.0991, 2152.0808, 2157.0945, 2162.0793, 2167.0754, 2172.0784, 2175.6548
0.01, 0.0141, 0.02782, 0.06382, 0.14485, 0.29803, 0.55323, 0.77832, 0.9089, 1.0, 0.9079, 0.94869, 0.89372, 0.82844, 0.74917, 0.6359, 0.54515, 0.45774, 0.35, 0.21303, 0.12975, 0.06597, 0.02631, 0.0134, 0.01
c3
band1
645.8403499
613.3005, 614.9855, 617.9669, 619.9886, 622.9658, 624.9765, 627.9829, 629.9695, 632.9832, 634.9731, 637.9685, 639.969, 642.9802, 644.9682, 647.9722, 649.9854, 652.9899, 654.967, 657.976, 659.9895, 662.9664, 664.9664, 667.974, 669.9767, 672.9728, 674.9848, 677.9862, 679.9808, 681.4409
0.01, 0.02493, 0.16273, 0.38225, 0.68988, 0.7566, 0.76827, 0.77672, 0.78309, 0.7891, 0.80269, 0.81505, 0.84169, 0.86649, 0.90927, 0.92262, 0.96667, 0.98803, 1.0, 0.96444, 0.809, 0.72312, 0.54417, 0.39111, 0.17707, 0.09278, 0.03173, 0.0149, 0.01
band2
856.877853417
820.0322, 822.0051, 824.0037, 826.9963, 828.9936, 831.9895, 833.9851, 836.9896, 838.9948, 841.9997, 844.0025, 846.9965, 848.9913, 851.9867, 854.0024, 856.9861, 858.9886, 861.9994, 863.9938, 867.0015, 868.9833, 871.9843, 873.9937, 877.0067, 878.9906, 881.9873, 884.0002, 886.9988, 888.9841, 891.9924, 893.9979, 896.9948, 898.9871
0.01, 0.01692, 0.03107, 0.07441, 0.115, 0.19512, 0.25955, 0.39759, 0.52634, 0.70915, 0.82138, 0.9163, 0.94739, 0.98529, 0.9908, 1.0, 0.97942, 0.97466, 0.94204, 0.89802, 0.84825, 0.78591, 0.70113, 0.43634, 0.24993, 0.10807, 0.06845, 0.04148, 0.03264, 0.02387, 0.01956, 0.01413, 0.01038
band3
466.07150204
451.3119, 451.7058, 452.6856, 453.6964, 454.709, 455.6937, 456.7053, 457.6863, 458.6915, 459.6916, 460.6858, 461.7009, 462.7087, 463.7095, 464.7036, 465.6919, 466.702, 467.7087, 468.687, 469.6917, 470.6979, 471.7074, 472.6948, 473.6877, 474.6868, 475.6927, 476.7053, 477.6967, 478.6936, 479.695, 480.6998, 481.2391
0.01, 0.01243, 0.02624, 0.06454, 0.15154, 0.3041, 0.5185, 0.72689, 0.89583, 0.9816, 1.0, 0.96587, 0.92312, 0.89256, 0.8892, 0.89065, 0.8988, 0.9132, 0.94288, 0.96681, 0.96864, 0.94372, 0.88415, 0.77916, 0.64182, 0.46936, 0.30095, 0.16503, 0.07695, 0.03263, 0.01391, 0.01
band4
553.917076647
538.8214, 539.7411, 540.7255, 541.7313, 542.7304, 543.7491, 544.7339, 545.7384, 546.7367, 547.7299, 548.7455, 549.733, 550.7463, 551.735, 552.7269, 553.7495, 554.7253, 555.7338, 556.7492, 557.7446, 558.7462, 559.726, 560.7376, 561.725, 562.7418, 563.7314, 564.7473, 565.7331, 566.7422, 567.7462, 568.7438, 568.9575
0.01, 0.02297, 0.05619, 0.12651, 0.24326, 0.40981, 0.59926, 0.77595, 0.89898, 0.96551, 0.9855, 0.99223, 1.0, 0.99494, 0.98212, 0.97823, 0.96806, 0.95739, 0.95718, 0.95077, 0.93666, 0.91483, 0.86969, 0.78703, 0.67157, 0.52745, 0.35015, 0.19514, 0.08616, 0.03147, 0.01154, 0.01
band5
1241.49758039
1212.5487, 1213.2175, 1214.7279, 1216.1934, 1217.7188, 1219.1992, 1220.687, 1222.1819, 1223.6831, 1225.1902, 1226.7018, 1228.217, 1229.6803, 1231.1991, 1232.7174, 1234.1801, 1235.694, 1237.2037, 1238.7084, 1240.2068, 1241.698, 1243.1819, 1244.7103, 1246.1779, 1247.6896, 1249.1931, 1250.6893, 1252.1791, 1253.7145, 1255.1946, 1256.7229, 1258.1991, 1259.7267, 1261.2052, 1262.687, 1264.2249, 1265.7173, 1267.2163, 1268.7227, 1270.1844, 1270.1924
0.01, 0.01117, 0.01608, 0.02492, 0.03818, 0.04862, 0.06678, 0.10054, 0.15332, 0.20849, 0.26656, 0.37011, 0.4973, 0.58289, 0.64709, 0.77753, 0.88235, 0.88284, 0.92946, 0.97872, 0.98165, 0.97627, 1.0, 0.9737, 0.95036, 0.86217, 0.73183, 0.54895, 0.46245, 0.36557, 0.21247, 0.12525, 0.09942, 0.0814, 0.05129, 0.0294, 0.02298, 0.02075, 0.01682, 0.01002, 0.01
band6
1628.08776832
1595.4365, 1596.1855, 1598.1567, 1600.1655, 1602.1594, 1604.187, 1606.1495, 1608.1465, 1610.1787, 1612.1523, 1614.1677, 1616.1804, 1618.1469, 1620.1669, 1622.1479, 1624.1895, 1626.1469, 1628.1678, 1630.1534, 1632.1517, 1634.1611, 1636.1791, 1638.1515, 1640.1764, 1642.1488, 1644.1665, 1646.1754, 1648.1729, 1650.1565, 1652.1741, 1654.1755, 1656.1611, 1658.1805, 1660.1877, 1662.186, 1662.9935
0.01, 0.01143, 0.01727, 0.02786, 0.04333, 0.07581, 0.11915, 0.175, 0.2546, 0.34169, 0.46266, 0.60836, 0.70012, 0.78652, 0.87498, 1.0, 0.98511, 0.95914, 0.91865, 0.84853, 0.79107, 0.74123, 0.66957, 0.60807, 0.48281, 0.33299, 0.22543, 0.17788, 0.14214, 0.09009, 0.04029, 0.02323, 0.01823, 0.01529, 0.0119, 0.01
band7
2113.99922695
2058.5342, 2062.0884, 2067.1008, 2072.0967, 2077.0759, 2082.0896, 2087.0869, 2092.082, 2097.0808, 2102.0869, 2107.0791, 2112.082, 2117.1028, 2122.0718, 2127.0959, 2132.0854, 2137.083, 2142.0764, 2147.0991, 2152.0808, 2157.0945, 2162.0793, 2167.0754, 2172.0784, 2175.6548
0.01, 0.0141, 0.02782, 0.06382, 0.14485, 0.29803, 0.55323, 0.77832, 0.9089, 1.0, 0.9079, 0.94869, 0.89372, 0.82844, 0.74917, 0.6359, 0.54515, 0.45774, 0.35, 0.21303, 0.12975, 0.06597, 0.02631, 0.0134, 0.01
c4
band1
645.8403499
613.3005, 614.9855, 617.9669, 619.9886, 622.9658, 624.9765, 627.9829, 629.9695, 632.9832, 634.9731, 637.9685, 639.969, 642.9802, 644.9682, 647.9722, 649.9854, 652.9899, 654.967, 657.976, 659.9895, 662.9664, 664.9664, 667.974, 669.9767, 672.9728, 674.9848, 677.9862, 679.9808, 681.4409
0.01, 0.02493, 0.16273, 0.38225, 0.68988, 0.7566, 0.76827, 0.77672, 0.78309, 0.7891, 0.80269, 0.81505, 0.84169, 0.86649, 0.90927, 0.92262, 0.96667, 0.98803, 1.0, 0.96444, 0.809, 0.72312, 0.54417, 0.39111, 0.17707, 0.09278, 0.03173, 0.0149, 0.01
band2
856.89332324
819.7227, 822.2255, 824.2241, 827.2167, 829.214, 832.2099, 834.2055, 837.21, 839.2152, 842.2201, 844.2229, 847.2169, 849.2117, 852.2071, 854.2228, 857.2065, 859.209, 862.2198, 864.2142, 867.2219, 869.2037, 872.2047, 874.2141, 877.2271, 879.211, 882.2077, 884.2206, 887.2192, 889.2045, 892.2128, 894.2183, 897.2152, 899.2075
0.01, 0.01952, 0.03571, 0.07944, 0.12045, 0.20061, 0.26664, 0.42149, 0.56906, 0.77752, 0.89611, 0.96748, 0.98168, 0.99295, 0.99041, 0.99818, 0.98668, 1.0, 0.98347, 0.94826, 0.90021, 0.81638, 0.71109, 0.4217, 0.23928, 0.10472, 0.06712, 0.04178, 0.03317, 0.02483, 0.02067, 0.01454, 0.01034
band3
466.072717556
451.3728, 451.8664, 452.8462, 453.857, 454.8696, 455.8543, 456.8659, 457.8469, 458.8521, 459.8522, 460.8464, 461.8615, 462.8693, 463.8701, 464.8642, 465.8525, 466.8626, 467.8693, 468.8476, 469.8523, 470.8585, 471.868, 472.8554, 473.8483, 474.8474, 475.8533, 476.8659, 477.8573, 478.8542, 479.8556, 480.8604, 481.2797
0.01, 0.01335, 0.02901, 0.07159, 0.16782, 0.33132, 0.55232, 0.75909, 0.91679, 0.99128, 1.0, 0.96066, 0.91366, 0.88225, 0.8772, 0.87762, 0.88506, 0.90157, 0.92929, 0.95119, 0.95219, 0.9244, 0.86464, 0.7584, 0.61904, 0.44554, 0.27928, 0.15014, 0.06916, 0.02935, 0.01279, 0.01
band4
553.911541054
538.8136, 538.8526, 539.8418, 540.8262, 541.832, 542.8311, 543.8498, 544.8346, 545.8391, 546.8374, 547.8306, 548.8462, 549.8337, 550.847, 551.8357, 552.8276, 553.8502, 554.826, 555.8345, 556.8499, 557.8453, 558.8469, 559.8267, 560.8383, 561.8257, 562.8425, 563.8321, 564.848, 565.8338, 566.8429, 567.8469, 568.8445, 568.8577
0.01, 0.01023, 0.02571, 0.06262, 0.13969, 0.26652, 0.44172, 0.63229, 0.80206, 0.91532, 0.9725, 0.98849, 0.9938, 1.0, 0.99566, 0.98544, 0.98172, 0.97571, 0.97207, 0.97301, 0.97067, 0.95775, 0.93679, 0.888, 0.79986, 0.67005, 0.50949, 0.32482, 0.1741, 0.07427, 0.02712, 0.01008, 0.01
band5
1241.47386263
1213.38, 1213.8167, 1215.327, 1216.7925, 1218.3179, 1219.7983, 1221.2861, 1222.781, 1224.2822, 1225.7893, 1227.3009, 1228.8162, 1230.2794, 1231.7982, 1233.3165, 1234.7792, 1236.2931, 1237.8029, 1239.3075, 1240.8059, 1242.2971, 1243.781, 1245.3094, 1246.777, 1248.2887, 1249.7922, 1251.2885, 1252.7782, 1254.3136, 1255.7937, 1257.322, 1258.7982, 1260.3258, 1261.8043, 1263.2861, 1264.824, 1266.3164, 1267.8154, 1269.3218, 1270.4481
0.01, 0.01088, 0.01661, 0.02458, 0.03624, 0.05005, 0.07175, 0.10665, 0.15639, 0.21899, 0.30012, 0.40546, 0.51379, 0.60999, 0.70939, 0.81568, 0.89084, 0.92267, 0.97295, 1.0, 0.99726, 0.98944, 0.98261, 0.93621, 0.86734, 0.76143, 0.63646, 0.5024, 0.39343, 0.28504, 0.17483, 0.11718, 0.08801, 0.065, 0.04103, 0.02794, 0.02217, 0.01846, 0.01366, 0.01
band6
1628.09440752
1595.1937, 1597.2192, 1599.1904, 1601.1992, 1603.1931, 1605.2207, 1607.1832, 1609.1802, 1611.2124, 1613.186, 1615.2014, 1617.2141, 1619.1805, 1621.2006, 1623.1816, 1625.2231, 1627.1805, 1629.2015, 1631.1871, 1633.1854, 1635.1948, 1637.2128, 1639.1852, 1641.2101, 1643.1825, 1645.2002, 1647.2091, 1649.2065, 1651.1902, 1653.2078, 1655.2092, 1657.1948, 1659.2142, 1661.2214, 1661.8856
0.01, 0.01592, 0.0244, 0.03859, 0.06014, 0.10041, 0.15813, 0.23251, 0.32788, 0.4268, 0.53927, 0.6604, 0.75101, 0.85444, 0.93884, 1.0, 0.99345, 0.96934, 0.9335, 0.88355, 0.8242, 0.75464, 0.66217, 0.55724, 0.42479, 0.29794, 0.21075, 0.15523, 0.10409, 0.05592, 0.03034, 0.02074, 0.01535, 0.01115, 0.01
band7
2114.02982128
2059.1938, 2063.8958, 2068.9082, 2073.9041, 2078.8833, 2083.897, 2088.8943, 2093.8894, 2098.8882, 2103.8943, 2108.8865, 2113.8894, 2118.9102, 2123.8792, 2128.9033, 2133.8928, 2138.8904, 2143.8838, 2148.9065, 2153.8882, 2158.9019, 2163.8867, 2168.8828, 2173.8857, 2175.1116
0.01, 0.01732, 0.03398, 0.07588, 0.16694, 0.34971, 0.61105, 0.81385, 0.99227, 1.0, 0.95451, 0.9037, 0.81265, 0.73323, 0.65385, 0.58892, 0.51498, 0.41945, 0.29816, 0.18248, 0.0977, 0.04037, 0.01936, 0.01118, 0.01
c5
band1
645.8403499
613.3005, 614.9855, 617.9669, 619.9886, 622.9658, 624.9765, 627.9829, 629.9695, 632.9832, 634.9731, 637.9685, 639.969, 642.9802, 644.9682, 647.9722, 649.9854, 652.9899, 654.967, 657.976, 659.9895, 662.9664, 664.9664, 667.974, 669.9767, 672.9728, 674.9848, 677.9862, 679.9808, 681.4409
0.01, 0.02493, 0.16273, 0.38225, 0.68988, 0.7566, 0.76827, 0.77672, 0.78309, 0.7891, 0.80269, 0.81505, 0.84169, 0.86649, 0.90927, 0.92262, 0.96667, 0.98803, 1.0, 0.96444, 0.809, 0.72312, 0.54417, 0.39111, 0.17707, 0.09278, 0.03173, 0.0149, 0.01
band2
856.891011838
819.7745, 822.3942, 824.3928, 827.3854, 829.3827, 832.3786, 834.3742, 837.3787, 839.3839, 842.3888, 844.3916, 847.3856, 849.3804, 852.3758, 854.3915, 857.3752, 859.3777, 862.3885, 864.3829, 867.3906, 869.3724, 872.3734, 874.3828, 877.3958, 879.3797, 882.3764, 884.3893, 887.3879, 889.3732, 892.3815, 894.387, 897.3839, 899.1885
0.01, 0.02027, 0.03737, 0.08085, 0.12131, 0.19921, 0.26512, 0.4276, 0.5829, 0.80147, 0.92359, 0.97211, 0.9803, 0.98399, 0.9805, 0.98463, 0.97442, 1.0, 0.98766, 0.95169, 0.91064, 0.81303, 0.69178, 0.39408, 0.22345, 0.09851, 0.06369, 0.03999, 0.03221, 0.02441, 0.02, 0.01375, 0.01
band3
466.072605561
451.3584, 451.9657, 452.9455, 453.9563, 454.9689, 455.9536, 456.9652, 457.9462, 458.9514, 459.9515, 460.9457, 461.9608, 462.9686, 463.9694, 464.9635, 465.9518, 466.9619, 467.9686, 468.9469, 469.9516, 470.9578, 471.9673, 472.9547, 473.9476, 474.9467, 475.9526, 476.9652, 477.9566, 478.9535, 479.9549, 480.9597, 481.304
0.01, 0.01443, 0.03131, 0.0774, 0.18029, 0.35074, 0.57526, 0.77941, 0.92979, 0.99776, 1.0, 0.95813, 0.90866, 0.87689, 0.87113, 0.87128, 0.87907, 0.89499, 0.92298, 0.94457, 0.94445, 0.9152, 0.85432, 0.74713, 0.60571, 0.43179, 0.26752, 0.14164, 0.06467, 0.02761, 0.01212, 0.01
band4
553.905298232
538.7649, 538.9278, 539.917, 540.9014, 541.9072, 542.9063, 543.925, 544.9098, 545.9143, 546.9126, 547.9058, 548.9214, 549.9089, 550.9222, 551.9109, 552.9028, 553.9254, 554.9012, 555.9097, 556.9251, 557.9205, 558.9221, 559.9019, 560.9135, 561.9009, 562.9177, 563.9073, 564.9232, 565.909, 566.9181, 567.9221, 568.8598
0.01, 0.01106, 0.02824, 0.06845, 0.15038, 0.28293, 0.46161, 0.65202, 0.81653, 0.92393, 0.97588, 0.98962, 0.9948, 1.0, 0.99532, 0.98603, 0.98281, 0.97877, 0.97743, 0.97943, 0.97797, 0.96519, 0.9452, 0.89389, 0.80179, 0.66415, 0.49625, 0.30924, 0.16201, 0.06758, 0.0244, 0.01
band5
1241.49091713
1213.5757, 1214.8474, 1216.3578, 1217.8232, 1219.3486, 1220.8291, 1222.3169, 1223.8118, 1225.313, 1226.8201, 1228.3317, 1229.8469, 1231.3102, 1232.829, 1234.3473, 1235.8099, 1237.3239, 1238.8336, 1240.3383, 1241.8367, 1243.3279, 1244.8118, 1246.3402, 1247.8077, 1249.3195, 1250.823, 1252.3192, 1253.809, 1255.3444, 1256.8245, 1258.3528, 1259.829, 1261.3566, 1262.8351, 1264.3169, 1265.8547, 1267.3472, 1268.8462, 1270.3525, 1270.61
0.01, 0.01395, 0.02081, 0.03049, 0.04454, 0.06432, 0.09338, 0.13596, 0.19397, 0.27042, 0.36477, 0.47525, 0.5768, 0.6706, 0.7722, 0.8558, 0.9072, 0.94739, 0.99011, 1.0, 0.99, 0.97435, 0.9419, 0.87518, 0.77943, 0.66177, 0.53396, 0.41809, 0.31149, 0.20773, 0.13161, 0.09451, 0.0704, 0.04739, 0.03106, 0.02317, 0.01912, 0.01502, 0.01053, 0.01
band6
1628.07626751
1595.4513, 1597.1525, 1599.1237, 1601.1324, 1603.1263, 1605.1539, 1607.1165, 1609.1134, 1611.1456, 1613.1193, 1615.1346, 1617.1473, 1619.1138, 1621.1338, 1623.1149, 1625.1564, 1627.1138, 1629.1348, 1631.1204, 1633.1187, 1635.1281, 1637.146, 1639.1184, 1641.1433, 1643.1157, 1645.1334, 1647.1423, 1649.1398, 1651.1234, 1653.141, 1655.1425, 1657.1281, 1659.1475, 1661.0238
0.01, 0.01416, 0.02164, 0.03363, 0.05227, 0.0843, 0.13275, 0.20507, 0.30703, 0.42426, 0.54975, 0.67252, 0.77837, 0.88485, 0.96207, 0.99978, 1.0, 0.99003, 0.96744, 0.93645, 0.88737, 0.80757, 0.69301, 0.54995, 0.40501, 0.2844, 0.20016, 0.13947, 0.08446, 0.04476, 0.02788, 0.01937, 0.01416, 0.01
band7
2113.93193841
2059.364, 2059.9338, 2064.9185, 2069.9309, 2074.9268, 2079.906, 2084.9197, 2089.917, 2094.9121, 2099.9109, 2104.917, 2109.9092, 2114.9121, 2119.9329, 2124.9019, 2129.926, 2134.9155, 2139.9131, 2144.9065, 2149.9292, 2154.9109, 2159.9246, 2164.9094, 2169.9055, 2174.6934
0.01, 0.0105, 0.01939, 0.03882, 0.08401, 0.18393, 0.38637, 0.63235, 0.86558, 1.0, 0.99036, 0.95422, 0.87255, 0.79086, 0.70039, 0.62851, 0.56717, 0.49063, 0.38986, 0.26858, 0.15814, 0.07425, 0.03359, 0.01801, 0.01
c6
band1
645.8403499
613.3005, 614.9855, 617.9669, 619.9886, 622.9658, 624.9765, 627.9829, 629.9695, 632.9832, 634.9731, 637.9685, 639.969, 642.9802, 644.9682, 647.9722, 649.9854, 652.9899, 654.967, 657.976, 659.9895, 662.9664, 664.9664, 667.974, 669.9767, 672.9728, 674.9848, 677.9862, 679.9808, 681.4409
0.01, 0.02493, 0.16273, 0.38225, 0.68988, 0.7566, 0.76827, 0.77672, 0.78309, 0.7891, 0.80269, 0.81505, 0.84169, 0.86649, 0.90927, 0.92262, 0.96667, 0.98803, 1.0, 0.96444, 0.809, 0.72312, 0.54417, 0.39111, 0.17707, 0.09278, 0.03173, 0.0149, 0.01
band2
856.893089927
819.9131, 822.6618, 824.6604, 827.653, 829.6503, 832.6462, 834.6418, 837.6463, 839.6515, 842.6564, 844.6592, 847.6532, 849.6479, 852.6434, 854.6591, 857.6428, 859.6453, 862.6561, 864.6505, 867.6582, 869.64, 872.641, 874.6504, 877.6634, 879.6473, 882.644, 884.6569, 887.6555, 889.6407, 892.649, 894.6546, 897.6515, 899.1052
0.01, 0.02159, 0.03979, 0.08439, 0.12452, 0.20018, 0.26921, 0.44419, 0.61048, 0.83419, 0.942, 0.98075, 0.98161, 0.97668, 0.97569, 0.98131, 0.97373, 1.0, 0.98566, 0.95517, 0.91509, 0.79876, 0.65968, 0.36359, 0.20624, 0.09195, 0.06042, 0.03838, 0.03119, 0.02359, 0.01937, 0.01278, 0.01
band3
466.073101035
451.411, 452.0428, 453.0226, 454.0334, 455.0461, 456.0307, 457.0424, 458.0233, 459.0285, 460.0287, 461.0229, 462.0379, 463.0457, 464.0465, 465.0406, 466.0289, 467.039, 468.0457, 469.024, 470.0287, 471.0349, 472.0444, 473.0319, 474.0247, 475.0238, 476.0298, 477.0424, 478.0338, 479.0306, 480.032, 481.0368, 481.3171
0.01, 0.01481, 0.03313, 0.08191, 0.18975, 0.36482, 0.59029, 0.79211, 0.93792, 1.0, 0.99862, 0.95477, 0.90487, 0.87359, 0.86696, 0.86672, 0.87445, 0.89055, 0.91813, 0.93933, 0.93814, 0.9072, 0.84467, 0.73631, 0.59324, 0.41922, 0.25698, 0.13473, 0.06116, 0.02599, 0.01162, 0.01
band4
553.907851932
538.693, 538.9968, 539.986, 540.9704, 541.9762, 542.9753, 543.994, 544.9788, 545.9833, 546.9816, 547.9748, 548.9904, 549.9779, 550.9911, 551.9799, 552.9718, 553.9944, 554.9702, 555.9787, 556.9941, 557.9895, 558.9911, 559.9709, 560.9825, 561.9698, 562.9867, 563.9763, 564.9922, 565.978, 566.9871, 567.9911, 568.8816
0.01, 0.01215, 0.03071, 0.07347, 0.15925, 0.29561, 0.47642, 0.66641, 0.82705, 0.92991, 0.97858, 0.9908, 0.99551, 1.0, 0.99514, 0.98624, 0.98329, 0.98019, 0.9797, 0.98184, 0.9805, 0.96764, 0.94675, 0.89288, 0.79852, 0.65566, 0.48438, 0.2969, 0.1531, 0.06289, 0.02265, 0.01
band5
1241.46350172
1213.8114, 1213.8522, 1215.3557, 1216.8661, 1218.3315, 1219.8569, 1221.3374, 1222.8252, 1224.3201, 1225.8213, 1227.3284, 1228.84, 1230.3552, 1231.8185, 1233.3373, 1234.8556, 1236.3182, 1237.8322, 1239.3419, 1240.8466, 1242.345, 1243.8362, 1245.3201, 1246.8485, 1248.316, 1249.8278, 1251.3313, 1252.8275, 1254.3173, 1255.8527, 1257.3328, 1258.8611, 1260.3373, 1261.8649, 1263.3434, 1264.8252, 1266.363, 1267.8555, 1269.3545, 1270.4014
0.01, 0.01009, 0.0153, 0.02286, 0.03305, 0.04888, 0.07215, 0.10506, 0.15132, 0.21429, 0.30073, 0.40327, 0.51143, 0.60679, 0.70825, 0.80802, 0.87242, 0.91962, 0.96736, 1.0, 0.99813, 0.99224, 0.9771, 0.93183, 0.85144, 0.7428, 0.61821, 0.49281, 0.38179, 0.26574, 0.1696, 0.11609, 0.08619, 0.05999, 0.03735, 0.02731, 0.02155, 0.01768, 0.01262, 0.01
band6
1628.06189515
1595.0392, 1595.2102, 1597.2426, 1599.2137, 1601.2225, 1603.2164, 1605.244, 1607.2065, 1609.2035, 1611.2357, 1613.2094, 1615.2247, 1617.2374, 1619.2039, 1621.2239, 1623.205, 1625.2465, 1627.2039, 1629.2249, 1631.2104, 1633.2087, 1635.2181, 1637.2361, 1639.2085, 1641.2334, 1643.2058, 1645.2235, 1647.2324, 1649.2299, 1651.2135, 1653.2311, 1655.2325, 1657.2181, 1659.2375, 1661.1776
0.01, 0.0103, 0.01566, 0.02382, 0.03657, 0.05691, 0.09141, 0.14274, 0.21708, 0.31988, 0.43049, 0.54823, 0.66876, 0.78483, 0.89546, 0.97343, 1.0, 0.99898, 0.99144, 0.96966, 0.93897, 0.88735, 0.802, 0.68362, 0.54288, 0.40697, 0.29255, 0.21039, 0.14219, 0.07997, 0.04427, 0.02939, 0.02108, 0.01491, 0.01
band7
2113.93824884
2059.0637, 2060.1296, 2065.1143, 2070.1267, 2075.1226, 2080.1018, 2085.1155, 2090.1128, 2095.1079, 2100.1067, 2105.1128, 2110.105, 2115.1079, 2120.1287, 2125.0977, 2130.1218, 2135.1113, 2140.1089, 2145.1023, 2150.125, 2155.1067, 2160.1204, 2165.1052, 2170.1013, 2174.2288
0.01, 0.01102, 0.02033, 0.04087, 0.08568, 0.19331, 0.38936, 0.64119, 0.88366, 0.97316, 1.0, 0.94113, 0.86709, 0.78545, 0.68754, 0.61963, 0.55288, 0.48384, 0.38846, 0.26849, 0.15163, 0.07195, 0.03657, 0.01811, 0.01
c7
band1
645.8403499
613.3005, 614.9855, 617.9669, 619.9886, 622.9658, 624.9765, 627.9829, 629.9695, 632.9832, 634.9731, 637.9685, 639.969, 642.9802, 644.9682, 647.9722, 649.9854, 652.9899, 654.967, 657.976, 659.9895, 662.9664, 664.9664, 667.974, 669.9767, 672.9728, 674.9848, 677.9862, 679.9808, 681.4409
0.01, 0.02493, 0.16273, 0.38225, 0.68988, 0.7566, 0.76827, 0.77672, 0.78309, 0.7891, 0.80269, 0.81505, 0.84169, 0.86649, 0.90927, 0.92262, 0.96667, 0.98803, 1.0, 0.96444, 0.809, 0.72312, 0.54417, 0.39111, 0.17707, 0.09278, 0.03173, 0.0149, 0.01
band2
856.887126004
820.0049, 822.7747, 824.7733, 827.7659, 829.7632, 832.7591, 834.7547, 837.7592, 839.7644, 842.7693, 844.7721, 847.7661, 849.7609, 852.7563, 854.772, 857.7557, 859.7582, 862.769, 864.7634, 867.7711, 869.7529, 872.7539, 874.7633, 877.7763, 879.7602, 882.7569, 884.7698, 887.7684, 889.7537, 892.762, 894.7675, 897.7644, 899.1398
0.01, 0.02272, 0.04111, 0.0861, 0.12558, 0.20116, 0.27284, 0.45377, 0.62566, 0.85271, 0.95802, 0.9896, 0.98354, 0.9735, 0.97011, 0.9774, 0.97247, 1.0, 0.98908, 0.96285, 0.92151, 0.79511, 0.64811, 0.35298, 0.19977, 0.08924, 0.05875, 0.03782, 0.03086, 0.02321, 0.01897, 0.01272, 0.01
band3
466.074410148
451.4291, 452.1177, 453.0975, 454.1083, 455.1209, 456.1056, 457.1172, 458.0982, 459.1034, 460.1035, 461.0977, 462.1128, 463.1206, 464.1214, 465.1155, 466.1038, 467.1139, 468.1206, 469.0989, 470.1036, 471.1098, 472.1193, 473.1067, 474.0996, 475.0987, 476.1046, 477.1172, 478.1086, 479.1055, 480.1069, 481.1117, 481.3378
0.01, 0.01551, 0.0355, 0.08749, 0.19993, 0.37866, 0.60467, 0.80191, 0.94189, 1.0, 0.99704, 0.95194, 0.90183, 0.87038, 0.86394, 0.86368, 0.87085, 0.88656, 0.91292, 0.93241, 0.93019, 0.89856, 0.83527, 0.72551, 0.58131, 0.40732, 0.24742, 0.12821, 0.05805, 0.02497, 0.01126, 0.01
band4
553.908974267
538.6588, 539.0565, 540.0457, 541.0302, 542.0359, 543.035, 544.0537, 545.0385, 546.043, 547.0413, 548.0345, 549.0501, 550.0377, 551.0509, 552.0396, 553.0316, 554.0541, 555.0299, 556.0385, 557.0538, 558.0493, 559.0508, 560.0306, 561.0422, 562.0296, 563.0464, 564.036, 565.0519, 566.0377, 567.0468, 568.0508, 568.9023
0.01, 0.01299, 0.03263, 0.07758, 0.16644, 0.3059, 0.48836, 0.67733, 0.83501, 0.93419, 0.98026, 0.99164, 0.99607, 1.0, 0.99487, 0.98616, 0.98352, 0.98102, 0.98108, 0.98323, 0.98172, 0.96792, 0.94565, 0.88953, 0.79235, 0.64631, 0.47308, 0.28642, 0.14567, 0.05928, 0.02143, 0.01
band5
1241.47897569
1213.4623, 1214.549, 1216.0593, 1217.5248, 1219.0502, 1220.5306, 1222.0184, 1223.5133, 1225.0145, 1226.5216, 1228.0332, 1229.5485, 1231.0117, 1232.5305, 1234.0488, 1235.5115, 1237.0254, 1238.5352, 1240.0398, 1241.5382, 1243.0294, 1244.5133, 1246.0417, 1247.5093, 1249.021, 1250.5245, 1252.0208, 1253.5105, 1255.0459, 1256.526, 1258.0543, 1259.5305, 1261.0581, 1262.5366, 1264.0184, 1265.5563, 1267.0487, 1268.5477, 1270.0541, 1270.9253
0.01, 0.01305, 0.01937, 0.02789, 0.04153, 0.06051, 0.08811, 0.12821, 0.18531, 0.26436, 0.35852, 0.46122, 0.56186, 0.67449, 0.78535, 0.85589, 0.91223, 0.96873, 1.0, 0.99478, 0.99341, 0.98396, 0.94224, 0.8707, 0.7836, 0.68524, 0.57582, 0.4644, 0.33361, 0.22748, 0.16293, 0.12157, 0.07971, 0.04975, 0.03742, 0.02991, 0.02342, 0.01557, 0.01118, 0.01
band6
1628.09326822
1596.7347, 1597.1525, 1599.1237, 1601.1324, 1603.1263, 1605.1539, 1607.1165, 1609.1134, 1611.1456, 1613.1193, 1615.1346, 1617.1473, 1619.1138, 1621.1338, 1623.1149, 1625.1564, 1627.1138, 1629.1348, 1631.1204, 1633.1187, 1635.1281, 1637.146, 1639.1184, 1641.1433, 1643.1157, 1645.1334, 1647.1423, 1649.1398, 1651.1234, 1653.141, 1655.1425, 1657.1281, 1659.1475, 1660.4186
0.01, 0.01097, 0.01682, 0.02524, 0.03718, 0.06297, 0.09869, 0.14854, 0.21728, 0.28933, 0.37173, 0.45732, 0.5589, 0.72804, 0.87013, 0.97389, 1.0, 0.87259, 0.84362, 0.8612, 0.75392, 0.56701, 0.47466, 0.37464, 0.28276, 0.20685, 0.15351, 0.09969, 0.05467, 0.0325, 0.02514, 0.01482, 0.01696, 0.01
band7
2113.93975948
2058.564, 2060.0925, 2065.0771, 2070.0896, 2075.0854, 2080.0647, 2085.0784, 2090.0757, 2095.0708, 2100.0696, 2105.0757, 2110.0679, 2115.0708, 2120.0916, 2125.0605, 2130.0847, 2135.0742, 2140.0718, 2145.0652, 2150.0879, 2155.0696, 2160.0833, 2165.0681, 2170.0642, 2174.0271
0.01, 0.01149, 0.02118, 0.04095, 0.08773, 0.19743, 0.39354, 0.66131, 0.86688, 0.97542, 1.0, 0.93627, 0.886, 0.79181, 0.70263, 0.62571, 0.55599, 0.48889, 0.39209, 0.2687, 0.15158, 0.07988, 0.03817, 0.01621, 0.01
c8
band1
645.8403499
613.3005, 614.9855, 617.9669, 619.9886, 622.9658, 624.9765, 627.9829, 629.9695, 632.9832, 634.9731, 637.9685, 639.969, 642.9802, 644.9682, 647.9722, 649.9854, 652.9899, 654.967, 657.976, 659.9895, 662.9664, 664.9664, 667.974, 669.9767, 672.9728, 674.9848, 677.9862, 679.9808, 681.4409
0.01, 0.02493, 0.16273, 0.38225, 0.68988, 0.7566, 0.76827, 0.77672, 0.78309, 0.7891, 0.80269, 0.81505, 0.84169, 0.86649, 0.90927, 0.92262, 0.96667, 0.98803, 1.0, 0.96444, 0.809, 0.72312, 0.54417, 0.39111, 0.17707, 0.09278, 0.03173, 0.0149, 0.01
band2
856.889455257
819.989, 822.8502, 824.8488, 827.8414, 829.8387, 832.8346, 834.8302, 837.8347, 839.8399, 842.8448, 844.8476, 847.8416, 849.8364, 852.8318, 854.8475, 857.8312, 859.8337, 862.8445, 864.8389, 867.8466, 869.8284, 872.8294, 874.8388, 877.8518, 879.8357, 882.8324, 884.8453, 887.8439, 889.8292, 892.8375, 894.843, 897.8399, 899.1526
0.01, 0.02334, 0.04241, 0.08777, 0.12675, 0.20248, 0.27432, 0.45982, 0.63371, 0.8641, 0.96785, 0.99284, 0.98349, 0.97125, 0.96741, 0.97524, 0.97097, 1.0, 0.9901, 0.96604, 0.92447, 0.79255, 0.64135, 0.3468, 0.19622, 0.08765, 0.05789, 0.03742, 0.03064, 0.02318, 0.01894, 0.01255, 0.01
band3
466.074694568
451.4514, 452.1728, 453.1526, 454.1634, 455.176, 456.1607, 457.1723, 458.1533, 459.1585, 460.1586, 461.1528, 462.1679, 463.1757, 464.1765, 465.1706, 466.1589, 467.169, 468.1757, 469.154, 470.1587, 471.1649, 472.1744, 473.1618, 474.1547, 475.1538, 476.1597, 477.1723, 478.1637, 479.1606, 480.162, 481.1668, 481.2488
0.01, 0.01601, 0.03646, 0.09015, 0.20519, 0.38627, 0.61238, 0.80802, 0.94458, 1.0, 0.99455, 0.94782, 0.89731, 0.86572, 0.85926, 0.85898, 0.86678, 0.88342, 0.90988, 0.92862, 0.92465, 0.89019, 0.82461, 0.71327, 0.5695, 0.39698, 0.2393, 0.12325, 0.05537, 0.02356, 0.01042, 0.01
band4
553.909156873
538.6605, 539.1085, 540.0977, 541.0821, 542.0879, 543.087, 544.1057, 545.0905, 546.095, 547.0933, 548.0865, 549.1021, 550.0896, 551.1028, 552.0916, 553.0835, 554.1061, 555.0818, 556.0904, 557.1058, 558.1012, 559.1028, 560.0826, 561.0942, 562.0815, 563.0984, 564.088, 565.1039, 566.0897, 567.0988, 568.1028, 568.9175
0.01, 0.01357, 0.03436, 0.0813, 0.17279, 0.31451, 0.49804, 0.68591, 0.84097, 0.93732, 0.98178, 0.99252, 0.99666, 1.0, 0.99467, 0.98605, 0.98386, 0.98165, 0.98184, 0.98372, 0.98183, 0.96743, 0.94379, 0.88532, 0.7855, 0.63728, 0.46275, 0.27754, 0.13962, 0.05621, 0.02025, 0.01
band5
1241.4777405
1213.1791, 1214.4943, 1216.0046, 1217.4701, 1218.9955, 1220.476, 1221.9637, 1223.4586, 1224.9598, 1226.4669, 1227.9785, 1229.4938, 1230.957, 1232.4758, 1233.9941, 1235.4568, 1236.9707, 1238.4805, 1239.9851, 1241.4835, 1242.9747, 1244.4586, 1245.9871, 1247.4546, 1248.9663, 1250.4698, 1251.9661, 1253.4558, 1254.9912, 1256.4713, 1257.9996, 1259.4758, 1261.0034, 1262.4819, 1263.9637, 1265.5016, 1266.994, 1268.493, 1269.9994, 1271.3938
0.01, 0.0137, 0.02029, 0.02931, 0.04338, 0.06234, 0.09052, 0.13145, 0.18999, 0.2668, 0.35916, 0.45707, 0.55992, 0.67688, 0.78692, 0.85447, 0.91883, 0.97594, 1.0, 0.99421, 0.99654, 0.98351, 0.93438, 0.86526, 0.78879, 0.69553, 0.58881, 0.47463, 0.33988, 0.24005, 0.17721, 0.12946, 0.07992, 0.05257, 0.04109, 0.03269, 0.02382, 0.01581, 0.01207, 0.01
band6
1628.08042341
1595.1261, 1597.0959, 1599.0671, 1601.0759, 1603.0698, 1605.0974, 1607.0599, 1609.0569, 1611.0891, 1613.0627, 1615.0781, 1617.0908, 1619.0573, 1621.0773, 1623.0583, 1625.0999, 1627.0573, 1629.0782, 1631.0638, 1633.0621, 1635.0715, 1637.0895, 1639.0619, 1641.0868, 1643.0592, 1645.0769, 1647.0858, 1649.0833, 1651.0669, 1653.0845, 1655.0859, 1657.0715, 1659.0909, 1660.7988
0.01, 0.01473, 0.02215, 0.0336, 0.05274, 0.08486, 0.13356, 0.20748, 0.31039, 0.42521, 0.55063, 0.68758, 0.8182, 0.93676, 0.99476, 1.0, 0.997, 0.99366, 0.97795, 0.95149, 0.89774, 0.80775, 0.69201, 0.556, 0.42908, 0.3212, 0.23125, 0.13766, 0.07573, 0.04919, 0.03459, 0.02531, 0.01622, 0.01
band7
2113.9322232
2058.2917, 2060.2498, 2065.2344, 2070.2468, 2075.2427, 2080.2219, 2085.2356, 2090.2329, 2095.228, 2100.2268, 2105.2329, 2110.2251, 2115.228, 2120.2488, 2125.2178, 2130.2419, 2135.2314, 2140.229, 2145.2224, 2150.2451, 2155.2268, 2160.2405, 2165.2253, 2170.2214, 2174.8579
0.01, 0.01201, 0.0217, 0.04233, 0.09239, 0.2016, 0.40939, 0.66609, 0.86359, 1.0, 0.98362, 0.94791, 0.88457, 0.79622, 0.71013, 0.63043, 0.56438, 0.4856, 0.38311, 0.26017, 0.15427, 0.07889, 0.03269, 0.01658, 0.01
c9
band1
645.8403499
613.3005, 614.9855, 617.9669, 619.9886, 622.9658, 624.9765, 627.9829, 629.9695, 632.9832, 634.9731, 637.9685, 639.969, 642.9802, 644.9682, 647.9722, 649.9854, 652.9899, 654.967, 657.976, 659.9895, 662.9664, 664.9664, 667.974, 669.9767, 672.9728, 674.9848, 677.9862, 679.9808, 681.4409
0.01, 0.02493, 0.16273, 0.38225, 0.68988, 0.7566, 0.76827, 0.77672, 0.78309, 0.7891, 0.80269, 0.81505, 0.84169, 0.86649, 0.90927, 0.92262, 0.96667, 0.98803, 1.0, 0.96444, 0.809, 0.72312, 0.54417, 0.39111, 0.17707, 0.09278, 0.03173, 0.0149, 0.01
band2
856.887155542
820.0762, 822.912, 824.9106, 827.9032, 829.9005, 832.8964, 834.892, 837.8965, 839.9017, 842.9066, 844.9094, 847.9034, 849.8982, 852.8936, 854.9093, 857.893, 859.8955, 862.9063, 864.9007, 867.9084, 869.8902, 872.8912, 874.9006, 877.9136, 879.8975, 882.8942, 884.9071, 887.9057, 889.891, 892.8993, 894.9048, 897.9017, 899.1455
0.01, 0.02358, 0.04312, 0.08883, 0.12799, 0.20347, 0.27616, 0.46504, 0.64006, 0.87215, 0.97333, 0.99436, 0.98376, 0.97042, 0.96657, 0.97491, 0.97097, 1.0, 0.9904, 0.96695, 0.92506, 0.78908, 0.63508, 0.34147, 0.19284, 0.08603, 0.05694, 0.03692, 0.03028, 0.02319, 0.01878, 0.01231, 0.01
band3
466.075393146
451.4698, 452.2105, 453.1903, 454.2011, 455.2137, 456.1984, 457.21, 458.191, 459.1962, 460.1963, 461.1905, 462.2056, 463.2134, 464.2142, 465.2083, 466.1966, 467.2067, 468.2134, 469.1917, 470.1964, 471.2026, 472.2121, 473.1995, 474.1924, 475.1915, 476.1974, 477.21, 478.2014, 479.1983, 480.1997, 481.2045, 481.226
0.01, 0.01634, 0.03732, 0.09294, 0.20958, 0.39203, 0.61834, 0.81266, 0.94662, 1.0, 0.99269, 0.94599, 0.89465, 0.86292, 0.85637, 0.8567, 0.86449, 0.88111, 0.90751, 0.92555, 0.92039, 0.88439, 0.81791, 0.7064, 0.56292, 0.39144, 0.23466, 0.1201, 0.05359, 0.0226, 0.01011, 0.01
band4
553.910297327
538.6493, 539.1432, 540.1324, 541.1168, 542.1226, 543.1217, 544.1404, 545.1252, 546.1297, 547.128, 548.1212, 549.1368, 550.1243, 551.1376, 552.1263, 553.1182, 554.1408, 555.1166, 556.1251, 557.1405, 558.1359, 559.1375, 560.1173, 561.1289, 562.1163, 563.1331, 564.1227, 565.1386, 566.1244, 567.1335, 568.1375, 568.9225
0.01, 0.0141, 0.0357, 0.08399, 0.177, 0.32008, 0.50422, 0.69133, 0.84458, 0.93974, 0.98305, 0.99323, 0.99722, 1.0, 0.99448, 0.98622, 0.98425, 0.98242, 0.98284, 0.98442, 0.98223, 0.96718, 0.94261, 0.88211, 0.78067, 0.63141, 0.45642, 0.27224, 0.13584, 0.05439, 0.01953, 0.01
band5
1241.4767303
1213.2294, 1213.6995, 1215.203, 1216.7134, 1218.1788, 1219.7042, 1221.1847, 1222.6725, 1224.1674, 1225.6686, 1227.1757, 1228.6873, 1230.2025, 1231.6658, 1233.1846, 1234.7029, 1236.1655, 1237.6794, 1239.1892, 1240.6938, 1242.1923, 1243.6835, 1245.1674, 1246.6958, 1248.1633, 1249.675, 1251.1786, 1252.6748, 1254.1646, 1255.7, 1257.1801, 1258.7084, 1260.1846, 1261.7122, 1263.1907, 1264.6725, 1266.2103, 1267.7028, 1269.2018, 1270.7081, 1271.1138
0.01, 0.01113, 0.01622, 0.02433, 0.03595, 0.05252, 0.07497, 0.10848, 0.15739, 0.22335, 0.30612, 0.40203, 0.50192, 0.6077, 0.7197, 0.81595, 0.8758, 0.93758, 0.98514, 1.0, 0.99608, 0.99661, 0.97203, 0.90944, 0.83265, 0.74724, 0.64317, 0.52882, 0.40876, 0.28421, 0.20276, 0.15063, 0.10566, 0.06302, 0.04421, 0.03546, 0.02809, 0.01901, 0.01303, 0.01048, 0.01
band6
1628.0608663
1595.1302, 1595.2698, 1597.3021, 1599.2733, 1601.2821, 1603.276, 1605.3036, 1607.2661, 1609.2631, 1611.2953, 1613.2689, 1615.2843, 1617.297, 1619.2634, 1621.2834, 1623.2645, 1625.306, 1627.2634, 1629.2844, 1631.27, 1633.2683, 1635.2777, 1637.2957, 1639.2681, 1641.293, 1643.2654, 1645.2831, 1647.292, 1649.2894, 1651.2731, 1653.2906, 1655.2921, 1657.2777, 1659.2971, 1660.762
0.01, 0.01024, 0.01548, 0.02306, 0.03549, 0.05671, 0.09193, 0.14452, 0.22132, 0.32412, 0.4365, 0.56475, 0.70559, 0.83694, 0.9493, 0.9953, 0.99973, 1.0, 0.99811, 0.97995, 0.94766, 0.88598, 0.7921, 0.67583, 0.54495, 0.42423, 0.3199, 0.22271, 0.12903, 0.07435, 0.0497, 0.03548, 0.02473, 0.01505, 0.01
band7
2113.93543567
2058.5208, 2060.3752, 2065.3599, 2070.3723, 2075.3682, 2080.3474, 2085.3611, 2090.3584, 2095.3535, 2100.3523, 2105.3584, 2110.3506, 2115.3535, 2120.3743, 2125.3433, 2130.3674, 2135.3569, 2140.3545, 2145.3479, 2150.3706, 2155.3523, 2160.366, 2165.3508, 2170.3469, 2175.0251
0.01, 0.01183, 0.02158, 0.04344, 0.09374, 0.2065, 0.42264, 0.67123, 0.89904, 1.0, 0.99226, 0.95434, 0.8827, 0.81091, 0.71899, 0.64486, 0.5734, 0.48559, 0.38362, 0.26127, 0.15158, 0.06941, 0.03327, 0.01821, 0.01
