These are relative spectral response functions of landsat8_oli, and data are taken from official websites. 
Band name may be different from what you can see on those websites, but the right band numbers are kept. 
c1 is generally what you want to use, but others are also included when they are available. 
Works from Professor Philip Lewis and Jose Gómez-Dans are included.

Feng Yin

Dept. Geography, University College London
Gower St.
London WC1E 6BT, UK
marcyinfeng@gmail.com

c1
band1
442.9585
427.0, 428.0, 429.0, 430.0, 431.0, 432.0, 433.0, 434.0, 435.0, 436.0, 437.0, 438.0, 439.0, 440.0, 441.0, 442.0, 443.0, 444.0, 445.0, 446.0, 447.0, 448.0, 449.0, 450.0, 451.0, 452.0, 453.0, 454.0, 455.0, 456.0, 457.0, 458.0, 459.0
7.3e-05, 0.000609, 0.001628, 0.003421, 0.008019, 0.024767, 0.085688, 0.254149, 0.517821, 0.765117, 0.908749, 0.958204, 0.977393, 0.98379, 0.989052, 0.986713, 0.993683, 0.993137, 1.0, 0.996969, 0.98278, 0.972692, 0.905808, 0.745606, 0.471329, 0.226412, 0.09286, 0.036603, 0.014537, 0.005829, 0.002414, 0.000984, 0.000255
band2
482.042
436.0, 437.0, 438.0, 439.0, 440.0, 441.0, 442.0, 443.0, 444.0, 445.0, 446.0, 447.0, 448.0, 449.0, 450.0, 451.0, 452.0, 453.0, 454.0, 455.0, 456.0, 457.0, 458.0, 459.0, 460.0, 461.0, 462.0, 463.0, 464.0, 465.0, 466.0, 467.0, 468.0, 469.0, 470.0, 471.0, 472.0, 473.0, 474.0, 475.0, 476.0, 477.0, 478.0, 479.0, 480.0, 481.0, 482.0, 483.0, 484.0, 485.0, 486.0, 487.0, 488.0, 489.0, 490.0, 491.0, 492.0, 493.0, 494.0, 495.0, 496.0, 497.0, 498.0, 499.0, 500.0, 501.0, 502.0, 503.0, 504.0, 505.0, 506.0, 507.0, 508.0, 509.0, 510.0, 511.0, 512.0, 513.0, 514.0, 515.0, 516.0, 517.0, 518.0, 519.0, 520.0, 521.0, 522.0, 523.0, 524.0, 525.0, 526.0, 527.0, 528.0
1e-05, 6.1e-05, 0.000117, 0.000241, 0.000349, 0.000455, 0.000756, 0.001197, 0.00207, 0.003712, 0.006869, 0.013212, 0.02717, 0.058606, 0.130876, 0.27137, 0.493542, 0.723971, 0.85751, 0.894222, 0.903034, 0.910928, 0.90988, 0.899475, 0.897977, 0.889667, 0.883542, 0.877453, 0.881011, 0.874721, 0.879688, 0.886569, 0.891913, 0.88768, 0.861157, 0.848533, 0.840828, 0.828339, 0.844202, 0.865864, 0.868497, 0.890253, 0.912538, 0.910385, 0.918822, 0.931726, 0.931813, 0.954248, 0.955545, 0.96242, 0.956424, 0.953352, 0.978564, 0.989104, 0.985615, 0.989469, 0.982262, 0.968801, 0.967332, 0.976836, 0.988729, 0.980826, 0.967361, 0.954754, 0.964132, 0.966125, 0.966772, 0.981834, 0.98232, 0.965685, 0.963135, 0.972261, 0.996498, 1.0, 0.9556, 0.844893, 0.534592, 0.190738, 0.048329, 0.013894, 0.005328, 0.002611, 0.001557, 0.0011, 0.000785, 0.000516, 0.000321, 0.000162, 7.2e-05, 5.7e-05, 2.3e-05, 3.2e-05, -1.6e-05
band3
561.4065
512.0, 513.0, 514.0, 515.0, 516.0, 517.0, 518.0, 519.0, 520.0, 521.0, 522.0, 523.0, 524.0, 525.0, 526.0, 527.0, 528.0, 529.0, 530.0, 531.0, 532.0, 533.0, 534.0, 535.0, 536.0, 537.0, 538.0, 539.0, 540.0, 541.0, 542.0, 543.0, 544.0, 545.0, 546.0, 547.0, 548.0, 549.0, 550.0, 551.0, 552.0, 553.0, 554.0, 555.0, 556.0, 557.0, 558.0, 559.0, 560.0, 561.0, 562.0, 563.0, 564.0, 565.0, 566.0, 567.0, 568.0, 569.0, 570.0, 571.0, 572.0, 573.0, 574.0, 575.0, 576.0, 577.0, 578.0, 579.0, 580.0, 581.0, 582.0, 583.0, 584.0, 585.0, 586.0, 587.0, 588.0, 589.0, 590.0, 591.0, 592.0, 593.0, 594.0, 595.0, 596.0, 597.0, 598.0, 599.0, 600.0, 601.0, 602.0, 603.0, 604.0, 605.0, 606.0, 607.0, 608.0, 609.0, 610.0
-4.6e-05, 1.6e-05, 0.00011, 0.000247, 0.000362, 0.000648, 0.000935, 0.001332, 0.001816, 0.002515, 0.003446, 0.00488, 0.007024, 0.010441, 0.016247, 0.025513, 0.041451, 0.070551, 0.123444, 0.21168, 0.353885, 0.545856, 0.741205, 0.865225, 0.927396, 0.954627, 0.954163, 0.959215, 0.961328, 0.964902, 0.969873, 0.952489, 0.961397, 0.97827, 0.977533, 0.977001, 0.980884, 0.990784, 1.0, 0.992264, 0.982642, 0.983832, 0.977765, 0.965081, 0.957314, 0.946245, 0.947871, 0.959038, 0.966534, 0.977656, 0.966447, 0.953399, 0.958314, 0.970039, 0.978607, 0.983397, 0.98096, 0.974522, 0.967229, 0.979406, 0.978208, 0.975818, 0.974392, 0.979973, 0.968827, 0.969181, 0.967838, 0.982956, 0.979598, 0.963811, 0.968886, 0.983655, 0.986657, 0.974207, 0.946407, 0.904478, 0.809275, 0.684974, 0.525304, 0.345364, 0.190467, 0.087833, 0.035393, 0.014077, 0.005944, 0.002574, 0.001046, 0.000394, 8.5e-05, -8.4e-05, -0.000194, -0.000234, -0.000292, -0.000307, -0.000343, -0.000348, -0.000329, -0.000351, -0.000317
band4
654.586
625.0, 626.0, 627.0, 628.0, 629.0, 630.0, 631.0, 632.0, 633.0, 634.0, 635.0, 636.0, 637.0, 638.0, 639.0, 640.0, 641.0, 642.0, 643.0, 644.0, 645.0, 646.0, 647.0, 648.0, 649.0, 650.0, 651.0, 652.0, 653.0, 654.0, 655.0, 656.0, 657.0, 658.0, 659.0, 660.0, 661.0, 662.0, 663.0, 664.0, 665.0, 666.0, 667.0, 668.0, 669.0, 670.0, 671.0, 672.0, 673.0, 674.0, 675.0, 676.0, 677.0, 678.0, 679.0, 680.0, 681.0, 682.0, 683.0, 684.0, 685.0, 686.0, 687.0, 688.0, 689.0, 690.0, 691.0
-0.000342, 0.00027, 0.000895, 0.00185, 0.003648, 0.007197, 0.014515, 0.030432, 0.066861, 0.148518, 0.299778, 0.526812, 0.764443, 0.905473, 0.947949, 0.950823, 0.947418, 0.951831, 0.962705, 0.975075, 0.984173, 0.983613, 0.983434, 0.982911, 0.973636, 0.959441, 0.955641, 0.955548, 0.953337, 0.956628, 0.981688, 1.0, 0.992388, 0.984615, 0.981568, 0.97696, 0.97298, 0.98108, 0.996804, 0.992142, 0.980678, 0.964002, 0.962154, 0.970778, 0.96718, 0.966928, 0.949928, 0.848855, 0.609359, 0.31635, 0.123946, 0.046033, 0.017702, 0.007333, 0.003205, 0.001402, 0.000554, 0.000117, -0.000122, -0.000289, -0.000376, -0.000396, -0.000458, -0.000488, -0.000457, -0.000429, -0.000417
band5
864.667
829.0, 830.0, 831.0, 832.0, 833.0, 834.0, 835.0, 836.0, 837.0, 838.0, 839.0, 840.0, 841.0, 842.0, 843.0, 844.0, 845.0, 846.0, 847.0, 848.0, 849.0, 850.0, 851.0, 852.0, 853.0, 854.0, 855.0, 856.0, 857.0, 858.0, 859.0, 860.0, 861.0, 862.0, 863.0, 864.0, 865.0, 866.0, 867.0, 868.0, 869.0, 870.0, 871.0, 872.0, 873.0, 874.0, 875.0, 876.0, 877.0, 878.0, 879.0, 880.0, 881.0, 882.0, 883.0, 884.0, 885.0, 886.0, 887.0, 888.0, 889.0, 890.0, 891.0, 892.0, 893.0, 894.0, 895.0, 896.0, 897.0, 898.0, 899.0, 900.0
-3.4e-05, 1.1e-05, 5e-05, 0.0001, 0.000239, 0.000314, 0.000495, 0.000719, 0.000986, 0.001445, 0.002107, 0.00316, 0.004744, 0.007059, 0.0109, 0.017346, 0.028332, 0.048191, 0.084363, 0.145365, 0.249733, 0.403526, 0.582623, 0.745037, 0.890315, 0.960215, 0.986833, 0.973133, 0.980606, 0.99612, 1.0, 0.989777, 0.980733, 0.975935, 0.972043, 0.957357, 0.951209, 0.947044, 0.953162, 0.951499, 0.94845, 0.940094, 0.950632, 0.956079, 0.96646, 0.969821, 0.93661, 0.891066, 0.788733, 0.63532, 0.448364, 0.288847, 0.174619, 0.100343, 0.058265, 0.034532, 0.02072, 0.01244, 0.007601, 0.004702, 0.002944, 0.00187, 0.001192, 0.000743, 0.000423, 0.000241, 0.000116, 4.4e-05, -1.3e-05, -5e-05, -8.4e-05, -0.0001
band6
1608.859
1515.0, 1516.0, 1517.0, 1518.0, 1519.0, 1520.0, 1521.0, 1522.0, 1523.0, 1524.0, 1525.0, 1526.0, 1527.0, 1528.0, 1529.0, 1530.0, 1531.0, 1532.0, 1533.0, 1534.0, 1535.0, 1536.0, 1537.0, 1538.0, 1539.0, 1540.0, 1541.0, 1542.0, 1543.0, 1544.0, 1545.0, 1546.0, 1547.0, 1548.0, 1549.0, 1550.0, 1551.0, 1552.0, 1553.0, 1554.0, 1555.0, 1556.0, 1557.0, 1558.0, 1559.0, 1560.0, 1561.0, 1562.0, 1563.0, 1564.0, 1565.0, 1566.0, 1567.0, 1568.0, 1569.0, 1570.0, 1571.0, 1572.0, 1573.0, 1574.0, 1575.0, 1576.0, 1577.0, 1578.0, 1579.0, 1580.0, 1581.0, 1582.0, 1583.0, 1584.0, 1585.0, 1586.0, 1587.0, 1588.0, 1589.0, 1590.0, 1591.0, 1592.0, 1593.0, 1594.0, 1595.0, 1596.0, 1597.0, 1598.0, 1599.0, 1600.0, 1601.0, 1602.0, 1603.0, 1604.0, 1605.0, 1606.0, 1607.0, 1608.0, 1609.0, 1610.0, 1611.0, 1612.0, 1613.0, 1614.0, 1615.0, 1616.0, 1617.0, 1618.0, 1619.0, 1620.0, 1621.0, 1622.0, 1623.0, 1624.0, 1625.0, 1626.0, 1627.0, 1628.0, 1629.0, 1630.0, 1631.0, 1632.0, 1633.0, 1634.0, 1635.0, 1636.0, 1637.0, 1638.0, 1639.0, 1640.0, 1641.0, 1642.0, 1643.0, 1644.0, 1645.0, 1646.0, 1647.0, 1648.0, 1649.0, 1650.0, 1651.0, 1652.0, 1653.0, 1654.0, 1655.0, 1656.0, 1657.0, 1658.0, 1659.0, 1660.0, 1661.0, 1662.0, 1663.0, 1664.0, 1665.0, 1666.0, 1667.0, 1668.0, 1669.0, 1670.0, 1671.0, 1672.0, 1673.0, 1674.0, 1675.0, 1676.0, 1677.0, 1678.0, 1679.0, 1680.0, 1681.0, 1682.0, 1683.0, 1684.0, 1685.0, 1686.0, 1687.0, 1688.0, 1689.0, 1690.0, 1691.0, 1692.0, 1693.0, 1694.0, 1695.0, 1696.0, 1697.0
-1.6e-05, 6.7e-05, 0.000151, 0.000249, 0.000348, 0.000466, 0.000585, 0.000758, 0.000932, 0.00115, 0.001369, 0.001613, 0.001859, 0.002172, 0.002488, 0.002881, 0.003277, 0.003772, 0.004271, 0.004898, 0.005528, 0.006421, 0.007319, 0.008459, 0.009606, 0.010989, 0.012372, 0.014303, 0.016248, 0.019029, 0.021831, 0.02589, 0.029952, 0.035171, 0.040434, 0.047864, 0.055352, 0.065732, 0.076166, 0.089024, 0.101893, 0.12015, 0.138642, 0.163127, 0.187803, 0.220261, 0.252894, 0.291359, 0.329939, 0.375648, 0.42147, 0.47356, 0.525681, 0.578787, 0.631645, 0.676683, 0.721282, 0.75477, 0.788248, 0.821155, 0.854065, 0.87337, 0.89183, 0.899817, 0.907252, 0.913009, 0.918685, 0.922953, 0.927163, 0.92686, 0.926413, 0.925059, 0.923683, 0.923953, 0.924259, 0.922828, 0.921383, 0.922061, 0.922756, 0.924648, 0.926605, 0.934552, 0.942525, 0.944351, 0.945872, 0.946175, 0.946432, 0.947006, 0.947589, 0.950194, 0.952859, 0.951303, 0.94967, 0.953047, 0.956494, 0.959047, 0.961545, 0.960048, 0.958335, 0.959835, 0.96147, 0.960857, 0.960175, 0.960813, 0.961486, 0.964703, 0.967943, 0.969314, 0.970589, 0.973713, 0.976906, 0.9791, 0.981258, 0.981285, 0.981372, 0.988609, 0.995869, 0.998021, 1.0, 0.999848, 0.999642, 0.99659, 0.993439, 0.986217, 0.978989, 0.967125, 0.95512, 0.936199, 0.917239, 0.879424, 0.840967, 0.796545, 0.751893, 0.694313, 0.636542, 0.573232, 0.509946, 0.451966, 0.39403, 0.34275, 0.291752, 0.251309, 0.211153, 0.180823, 0.15054, 0.128463, 0.106664, 0.090735, 0.074941, 0.06379, 0.052752, 0.045028, 0.03731, 0.031821, 0.02635, 0.022504, 0.018724, 0.016045, 0.013394, 0.011483, 0.009587, 0.008227, 0.006882, 0.00591, 0.00494, 0.004257, 0.003576, 0.003055, 0.002541, 0.00216, 0.001781, 0.001512, 0.001244, 0.00104, 0.000837, 0.000677, 0.000517, 0.000409, 0.000301, 0.000206, 0.000112, 4e-05, -3.1e-05
band7
2200.7285
2037.0, 2038.0, 2039.0, 2040.0, 2041.0, 2042.0, 2043.0, 2044.0, 2045.0, 2046.0, 2047.0, 2048.0, 2049.0, 2050.0, 2051.0, 2052.0, 2053.0, 2054.0, 2055.0, 2056.0, 2057.0, 2058.0, 2059.0, 2060.0, 2061.0, 2062.0, 2063.0, 2064.0, 2065.0, 2066.0, 2067.0, 2068.0, 2069.0, 2070.0, 2071.0, 2072.0, 2073.0, 2074.0, 2075.0, 2076.0, 2077.0, 2078.0, 2079.0, 2080.0, 2081.0, 2082.0, 2083.0, 2084.0, 2085.0, 2086.0, 2087.0, 2088.0, 2089.0, 2090.0, 2091.0, 2092.0, 2093.0, 2094.0, 2095.0, 2096.0, 2097.0, 2098.0, 2099.0, 2100.0, 2101.0, 2102.0, 2103.0, 2104.0, 2105.0, 2106.0, 2107.0, 2108.0, 2109.0, 2110.0, 2111.0, 2112.0, 2113.0, 2114.0, 2115.0, 2116.0, 2117.0, 2118.0, 2119.0, 2120.0, 2121.0, 2122.0, 2123.0, 2124.0, 2125.0, 2126.0, 2127.0, 2128.0, 2129.0, 2130.0, 2131.0, 2132.0, 2133.0, 2134.0, 2135.0, 2136.0, 2137.0, 2138.0, 2139.0, 2140.0, 2141.0, 2142.0, 2143.0, 2144.0, 2145.0, 2146.0, 2147.0, 2148.0, 2149.0, 2150.0, 2151.0, 2152.0, 2153.0, 2154.0, 2155.0, 2156.0, 2157.0, 2158.0, 2159.0, 2160.0, 2161.0, 2162.0, 2163.0, 2164.0, 2165.0, 2166.0, 2167.0, 2168.0, 2169.0, 2170.0, 2171.0, 2172.0, 2173.0, 2174.0, 2175.0, 2176.0, 2177.0, 2178.0, 2179.0, 2180.0, 2181.0, 2182.0, 2183.0, 2184.0, 2185.0, 2186.0, 2187.0, 2188.0, 2189.0, 2190.0, 2191.0, 2192.0, 2193.0, 2194.0, 2195.0, 2196.0, 2197.0, 2198.0, 2199.0, 2200.0, 2201.0, 2202.0, 2203.0, 2204.0, 2205.0, 2206.0, 2207.0, 2208.0, 2209.0, 2210.0, 2211.0, 2212.0, 2213.0, 2214.0, 2215.0, 2216.0, 2217.0, 2218.0, 2219.0, 2220.0, 2221.0, 2222.0, 2223.0, 2224.0, 2225.0, 2226.0, 2227.0, 2228.0, 2229.0, 2230.0, 2231.0, 2232.0, 2233.0, 2234.0, 2235.0, 2236.0, 2237.0, 2238.0, 2239.0, 2240.0, 2241.0, 2242.0, 2243.0, 2244.0, 2245.0, 2246.0, 2247.0, 2248.0, 2249.0, 2250.0, 2251.0, 2252.0, 2253.0, 2254.0, 2255.0, 2256.0, 2257.0, 2258.0, 2259.0, 2260.0, 2261.0, 2262.0, 2263.0, 2264.0, 2265.0, 2266.0, 2267.0, 2268.0, 2269.0, 2270.0, 2271.0, 2272.0, 2273.0, 2274.0, 2275.0, 2276.0, 2277.0, 2278.0, 2279.0, 2280.0, 2281.0, 2282.0, 2283.0, 2284.0, 2285.0, 2286.0, 2287.0, 2288.0, 2289.0, 2290.0, 2291.0, 2292.0, 2293.0, 2294.0, 2295.0, 2296.0, 2297.0, 2298.0, 2299.0, 2300.0, 2301.0, 2302.0, 2303.0, 2304.0, 2305.0, 2306.0, 2307.0, 2308.0, 2309.0, 2310.0, 2311.0, 2312.0, 2313.0, 2314.0, 2315.0, 2316.0, 2317.0, 2318.0, 2319.0, 2320.0, 2321.0, 2322.0, 2323.0, 2324.0, 2325.0, 2326.0, 2327.0, 2328.0, 2329.0, 2330.0, 2331.0, 2332.0, 2333.0, 2334.0, 2335.0, 2336.0, 2337.0, 2338.0, 2339.0, 2340.0, 2341.0, 2342.0, 2343.0, 2344.0, 2345.0, 2346.0, 2347.0, 2348.0, 2349.0, 2350.0, 2351.0, 2352.0, 2353.0, 2354.0, 2355.0
-1e-05, 3.7e-05, 8.3e-05, 0.000131, 0.000179, 0.00024, 0.000305, 0.000368, 0.00043, 0.000512, 0.000599, 0.000704, 0.000814, 0.000947, 0.001085, 0.001222, 0.00136, 0.001546, 0.001745, 0.001964, 0.002187, 0.002439, 0.002696, 0.00301, 0.003339, 0.003733, 0.004141, 0.004627, 0.005137, 0.005728, 0.006337, 0.007139, 0.007996, 0.008903, 0.009824, 0.011005, 0.012261, 0.01361, 0.014987, 0.016872, 0.018899, 0.021, 0.023121, 0.025897, 0.028847, 0.032071, 0.035363, 0.040206, 0.045432, 0.050903, 0.056429, 0.06327, 0.070409, 0.079382, 0.088907, 0.10064, 0.11283, 0.128292, 0.144668, 0.162055, 0.179714, 0.20278, 0.227234, 0.253732, 0.280925, 0.311347, 0.342526, 0.377044, 0.412621, 0.45047, 0.488816, 0.522458, 0.554715, 0.593227, 0.633521, 0.663067, 0.689664, 0.722284, 0.756529, 0.776463, 0.792667, 0.813716, 0.836001, 0.846344, 0.853714, 0.867845, 0.883615, 0.886411, 0.886127, 0.895232, 0.906527, 0.909739, 0.911091, 0.917985, 0.926131, 0.929693, 0.932227, 0.936544, 0.941406, 0.942571, 0.942952, 0.943112, 0.943194, 0.945168, 0.947537, 0.948776, 0.949694, 0.949643, 0.9494, 0.952551, 0.956635, 0.953083, 0.947423, 0.949094, 0.952773, 0.950874, 0.947477, 0.947014, 0.947085, 0.951812, 0.957717, 0.953332, 0.946412, 0.947778, 0.951119, 0.951641, 0.951518, 0.948644, 0.944956, 0.942515, 0.940311, 0.9434, 0.947923, 0.94501, 0.940213, 0.938737, 0.93806, 0.941859, 0.947019, 0.946554, 0.944482, 0.947414, 0.951661, 0.949283, 0.945318, 0.939939, 0.934142, 0.935493, 0.93882, 0.939253, 0.938955, 0.934675, 0.929162, 0.927085, 0.925692, 0.930508, 0.936899, 0.933908, 0.927984, 0.930981, 0.936472, 0.935776, 0.933523, 0.935132, 0.937592, 0.946217, 0.956567, 0.955661, 0.951991, 0.956666, 0.963135, 0.964442, 0.964365, 0.963523, 0.962434, 0.962905, 0.963685, 0.962473, 0.960741, 0.959239, 0.957814, 0.957781, 0.958041, 0.953274, 0.94716, 0.951706, 0.958833, 0.960212, 0.960339, 0.954785, 0.947696, 0.951965, 0.95906, 0.960554, 0.960764, 0.95575, 0.949261, 0.953245, 0.95997, 0.963736, 0.966786, 0.964315, 0.960173, 0.965473, 0.973416, 0.977637, 0.980904, 0.98276, 0.984155, 0.984693, 0.985056, 0.991486, 0.9996, 0.997654, 0.993153, 0.992469, 0.992675, 0.995894, 1.0, 0.999279, 0.997261, 0.994356, 0.991127, 0.987747, 0.984349, 0.986037, 0.989132, 0.984536, 0.978024, 0.975019, 0.972794, 0.974168, 0.97654, 0.976199, 0.975206, 0.974409, 0.973662, 0.967502, 0.959895, 0.956943, 0.955095, 0.955085, 0.955588, 0.947195, 0.93665, 0.922405, 0.907109, 0.89494, 0.883588, 0.855489, 0.823876, 0.78488, 0.744025, 0.69852, 0.651673, 0.602539, 0.552647, 0.502693, 0.452698, 0.403993, 0.355569, 0.315712, 0.27826, 0.244645, 0.212213, 0.186151, 0.161749, 0.141435, 0.122015, 0.106531, 0.092029, 0.080268, 0.069276, 0.060703, 0.052702, 0.046332, 0.040405, 0.035634, 0.031213, 0.027516, 0.024, 0.021262, 0.018688, 0.016562, 0.014545, 0.01293, 0.011426, 0.010155, 0.008959, 0.007992, 0.007088, 0.006348, 0.005643, 0.005019, 0.004415, 0.003903, 0.003421, 0.003025, 0.002651, 0.00234, 0.002047, 0.001795, 0.001554, 0.001345, 0.001145, 0.000974, 0.000811, 0.00068, 0.00056, 0.00044, 0.00032, 0.000217, 0.000119, 2.8e-05, -6.2e-05, -0.000134, -0.000202, -0.000263, -0.000322
band9
1373.4335
1340.0, 1341.0, 1342.0, 1343.0, 1344.0, 1345.0, 1346.0, 1347.0, 1348.0, 1349.0, 1350.0, 1351.0, 1352.0, 1353.0, 1354.0, 1355.0, 1356.0, 1357.0, 1358.0, 1359.0, 1360.0, 1361.0, 1362.0, 1363.0, 1364.0, 1365.0, 1366.0, 1367.0, 1368.0, 1369.0, 1370.0, 1371.0, 1372.0, 1373.0, 1374.0, 1375.0, 1376.0, 1377.0, 1378.0, 1379.0, 1380.0, 1381.0, 1382.0, 1383.0, 1384.0, 1385.0, 1386.0, 1387.0, 1388.0, 1389.0, 1390.0, 1391.0, 1392.0, 1393.0, 1394.0, 1395.0, 1396.0, 1397.0, 1398.0, 1399.0, 1400.0, 1401.0, 1402.0, 1403.0, 1404.0, 1405.0, 1406.0, 1407.0, 1408.0, 1409.0
-3e-06, 8.6e-05, 0.000194, 0.000321, 0.000469, 0.000647, 0.000856, 0.001119, 0.001429, 0.001828, 0.002318, 0.00303, 0.004011, 0.005398, 0.007194, 0.011124, 0.016985, 0.026321, 0.042756, 0.06922, 0.115351, 0.182833, 0.316333, 0.45703, 0.596852, 0.772118, 0.862394, 0.871575, 0.930308, 0.962664, 0.931247, 0.938676, 0.983748, 0.999626, 0.986968, 1.0, 0.983239, 0.990577, 0.963584, 0.964054, 0.871343, 0.872689, 0.703198, 0.606578, 0.452434, 0.29792, 0.190978, 0.113055, 0.066174, 0.041513, 0.026084, 0.016218, 0.009774, 0.006839, 0.004358, 0.00278, 0.001809, 0.001351, 0.000887, 0.000481, 0.00022, 0.000114, 2.9e-05, -7e-05, -0.000178, -0.000182, -0.000238, -0.000272, -0.000296, -0.000308
