These are relative spectral response functions of landsat7, and data are taken from official websites. 
Band name may be different from what you can see on those websites, but the right band numbers are kept. 
c1 is generally what you want to use, but others are also included when they are available. 
Works from Professor Philip Lewis and Jose Gómez-Dans are included.

Feng Yin

Dept. Geography, University College London
Gower St.
London WC1E 6BT, UK
marcyinfeng@gmail.com

c1
band1
485.0
410.0, 411.0, 412.0, 413.0, 414.0, 415.0, 416.0, 417.0, 418.0, 419.0, 420.0, 421.0, 422.0, 423.0, 424.0, 425.0, 426.0, 427.0, 428.0, 429.0, 430.0, 431.0, 432.0, 433.0, 434.0, 435.0, 436.0, 437.0, 438.0, 439.0, 440.0, 441.0, 442.0, 443.0, 444.0, 445.0, 446.0, 447.0, 448.0, 449.0, 450.0, 451.0, 452.0, 453.0, 454.0, 455.0, 456.0, 457.0, 458.0, 459.0, 460.0, 461.0, 462.0, 463.0, 464.0, 465.0, 466.0, 467.0, 468.0, 469.0, 470.0, 471.0, 472.0, 473.0, 474.0, 475.0, 476.0, 477.0, 478.0, 479.0, 480.0, 481.0, 482.0, 483.0, 484.0, 485.0, 486.0, 487.0, 488.0, 489.0, 490.0, 491.0, 492.0, 493.0, 494.0, 495.0, 496.0, 497.0, 498.0, 499.0, 500.0, 501.0, 502.0, 503.0, 504.0, 505.0, 506.0, 507.0, 508.0, 509.0, 510.0, 511.0, 512.0, 513.0, 514.0, 515.0, 516.0, 517.0, 518.0, 519.0, 520.0, 521.0, 522.0, 523.0
0.0, 0.0, 0.0, 0.0, 0.0, 0.0, 0.0, 0.0, 0.0, 0.0, 0.0, 0.0, 0.0, 0.0, 0.0, 0.0, 0.0, 0.0, 0.0, 0.0, 0.0, 0.0, 0.0, 0.0, 0.0, 0.016, 0.027, 0.048, 0.094, 0.167, 0.287, 0.459, 0.605, 0.728, 0.769, 0.792, 0.821, 0.857, 0.857, 0.862, 0.839, 0.845, 0.81, 0.802, 0.804, 0.779, 0.798, 0.816, 0.876, 0.888, 0.901, 0.918, 0.896, 0.903, 0.888, 0.89, 0.863, 0.86, 0.842, 0.866, 0.875, 0.881, 0.888, 0.898, 0.879, 0.884, 0.907, 0.928, 0.932, 0.955, 0.958, 0.948, 0.952, 0.956, 0.98, 0.98, 0.975, 0.973, 0.977, 0.958, 0.965, 0.957, 0.952, 0.973, 0.974, 0.995, 0.986, 0.986, 0.994, 1.0, 0.99, 0.99, 0.976, 0.983, 0.976, 0.983, 0.96, 0.973, 0.964, 0.975, 0.96, 0.932, 0.853, 0.684, 0.486, 0.293, 0.15, 0.073, 0.036, 0.019, 0.009, 0.0, 0.0, 0.0
band2
560.0
500.0, 501.0, 502.0, 503.0, 504.0, 505.0, 506.0, 507.0, 508.0, 509.0, 510.0, 511.0, 512.0, 513.0, 514.0, 515.0, 516.0, 517.0, 518.0, 519.0, 520.0, 521.0, 522.0, 523.0, 524.0, 525.0, 526.0, 527.0, 528.0, 529.0, 530.0, 531.0, 532.0, 533.0, 534.0, 535.0, 536.0, 537.0, 538.0, 539.0, 540.0, 541.0, 542.0, 543.0, 544.0, 545.0, 546.0, 547.0, 548.0, 549.0, 550.0, 551.0, 552.0, 553.0, 554.0, 555.0, 556.0, 557.0, 558.0, 559.0, 560.0, 561.0, 562.0, 563.0, 564.0, 565.0, 566.0, 567.0, 568.0, 569.0, 570.0, 571.0, 572.0, 573.0, 574.0, 575.0, 576.0, 577.0, 578.0, 579.0, 580.0, 581.0, 582.0, 583.0, 584.0, 585.0, 586.0, 587.0, 588.0, 589.0, 590.0, 591.0, 592.0, 593.0, 594.0, 595.0, 596.0, 597.0, 598.0, 599.0, 600.0, 601.0, 602.0, 603.0, 604.0, 605.0, 606.0, 607.0, 608.0, 609.0, 610.0, 611.0, 612.0, 613.0, 614.0, 615.0, 616.0, 617.0, 618.0, 619.0, 620.0, 621.0, 622.0, 623.0, 624.0, 625.0, 626.0, 627.0, 628.0, 629.0, 630.0, 635.0, 640.0, 645.0, 650.0
0.0006, 0.0009, 0.001, 0.002, 0.002, 0.003, 0.005, 0.009, 0.0145, 0.0236, 0.026, 0.041, 0.06, 0.088, 0.126, 0.174, 0.236, 0.308, 0.388, 0.472, 0.552, 0.621, 0.676, 0.716, 0.743, 0.759, 0.769, 0.779, 0.79, 0.805, 0.822, 0.842, 0.861, 0.878, 0.893, 0.905, 0.916, 0.924, 0.933, 0.942, 0.947, 0.951, 0.953, 0.952, 0.951, 0.952, 0.951, 0.951, 0.952, 0.952, 0.953, 0.951, 0.95, 0.95, 0.951, 0.954, 0.96, 0.966, 0.968, 0.965, 0.959, 0.951, 0.944, 0.937, 0.932, 0.933, 0.935, 0.937, 0.94, 0.945, 0.951, 0.955, 0.957, 0.956, 0.957, 0.955, 0.952, 0.954, 0.958, 0.963, 0.973, 0.981, 0.988, 0.995, 1.0, 1.0, 0.994, 0.983, 0.969, 0.954, 0.942, 0.936, 0.932, 0.928, 0.924, 0.912, 0.883, 0.834, 0.763, 0.674, 0.574, 0.473, 0.38, 0.3, 0.235, 0.185, 0.146, 0.117, 0.094, 0.077, 0.062, 0.052, 0.042, 0.033, 0.026, 0.021, 0.0158, 0.01235, 0.0094, 0.00717, 0.0048, 0.0037, 0.0026, 0.0017, 0.0014, 0.0, 0.0, 0.0, 0.0, 0.0, 0.0, 0.0, 0.0, 0.0, 0.0
band3
660.0
580.0, 590.0, 600.0, 605.0, 610.0, 611.0, 612.0, 613.0, 614.0, 615.0, 616.0, 617.0, 618.0, 619.0, 620.0, 621.0, 622.0, 623.0, 624.0, 625.0, 626.0, 627.0, 628.0, 629.0, 630.0, 631.0, 632.0, 633.0, 634.0, 635.0, 636.0, 637.0, 638.0, 639.0, 640.0, 641.0, 642.0, 643.0, 644.0, 645.0, 646.0, 647.0, 648.0, 649.0, 650.0, 651.0, 652.0, 653.0, 654.0, 655.0, 656.0, 657.0, 658.0, 659.0, 660.0, 661.0, 662.0, 663.0, 664.0, 665.0, 666.0, 667.0, 668.0, 669.0, 670.0, 671.0, 672.0, 673.0, 674.0, 675.0, 676.0, 677.0, 678.0, 679.0, 680.0, 681.0, 682.0, 683.0, 684.0, 685.0, 686.0, 687.0, 688.0, 689.0, 690.0, 691.0, 692.0, 693.0, 694.0, 695.0, 696.0, 697.0, 698.0, 699.0, 700.0, 701.0, 702.0, 703.0, 704.0, 705.0, 710.0, 715.0, 720.0, 725.0, 730.0, 740.0
0.0, 0.0, 0.0, 0.0, 0.0, 0.0, 0.0, 0.0, 0.0005, 0.0001, 0.0, 0.0005, 0.0006, 0.0014, 0.002, 0.003, 0.006, 0.013, 0.025, 0.047, 0.083, 0.137, 0.211, 0.306, 0.419, 0.545, 0.674, 0.788, 0.873, 0.921, 0.941, 0.943, 0.942, 0.939, 0.937, 0.935, 0.935, 0.938, 0.943, 0.949, 0.953, 0.961, 0.968, 0.971, 0.973, 0.974, 0.972, 0.969, 0.963, 0.958, 0.956, 0.955, 0.955, 0.956, 0.962, 0.969, 0.977, 0.983, 0.988, 0.993, 0.996, 0.997, 0.999, 1.0, 1.0, 0.998, 0.996, 0.995, 0.993, 0.992, 0.991, 0.989, 0.988, 0.984, 0.977, 0.97, 0.96, 0.949, 0.94, 0.932, 0.919, 0.898, 0.863, 0.809, 0.729, 0.625, 0.506, 0.382, 0.272, 0.183, 0.12, 0.079, 0.053, 0.036, 0.025, 0.0196, 0.0142, 0.0101, 0.0075, 0.0, 0.0, 0.0, 0.0, 0.0, 0.0, 0.0
band4
835.0
730.0, 735.0, 740.0, 745.0, 750.0, 751.0, 752.0, 753.0, 754.0, 755.0, 756.0, 757.0, 758.0, 759.0, 760.0, 761.0, 762.0, 763.0, 764.0, 765.0, 766.0, 767.0, 768.0, 769.0, 770.0, 771.0, 772.0, 773.0, 774.0, 775.0, 776.0, 777.0, 778.0, 779.0, 780.0, 781.0, 782.0, 783.0, 784.0, 785.0, 786.0, 787.0, 788.0, 789.0, 790.0, 791.0, 792.0, 793.0, 794.0, 795.0, 796.0, 797.0, 798.0, 799.0, 800.0, 801.0, 802.0, 803.0, 804.0, 805.0, 806.0, 807.0, 808.0, 809.0, 810.0, 811.0, 812.0, 813.0, 814.0, 815.0, 816.0, 817.0, 818.0, 819.0, 820.0, 821.0, 822.0, 823.0, 824.0, 825.0, 826.0, 827.0, 828.0, 829.0, 830.0, 831.0, 832.0, 833.0, 834.0, 835.0, 836.0, 837.0, 838.0, 839.0, 840.0, 841.0, 842.0, 843.0, 844.0, 845.0, 846.0, 847.0, 848.0, 849.0, 850.0, 851.0, 852.0, 853.0, 854.0, 855.0, 856.0, 857.0, 858.0, 859.0, 860.0, 861.0, 862.0, 863.0, 864.0, 865.0, 866.0, 867.0, 868.0, 869.0, 870.0, 871.0, 872.0, 873.0, 874.0, 875.0, 876.0, 877.0, 878.0, 879.0, 880.0, 881.0, 882.0, 883.0, 884.0, 885.0, 886.0, 887.0, 888.0, 889.0, 890.0, 891.0, 892.0, 893.0, 894.0, 895.0, 896.0, 897.0, 898.0, 899.0, 900.0, 901.0, 902.0, 903.0, 904.0, 905.0, 906.0, 907.0, 908.0, 909.0, 910.0, 911.0, 912.0, 913.0, 914.0, 915.0, 920.0, 925.0, 930.0, 935.0, 940.0, 945.0
0.0, 0.0, 0.0004, 0.0037, 0.001, 0.0144, 0.0182, 0.0216, 0.0269, 0.0315, 0.0377, 0.0474, 0.0562, 0.0688, 0.069, 0.083, 0.099, 0.121, 0.146, 0.175, 0.209, 0.248, 0.294, 0.346, 0.402, 0.463, 0.523, 0.588, 0.649, 0.705, 0.757, 0.797, 0.827, 0.853, 0.871, 0.884, 0.892, 0.899, 0.903, 0.908, 0.911, 0.916, 0.92, 0.925, 0.926, 0.927, 0.927, 0.929, 0.932, 0.93, 0.926, 0.926, 0.925, 0.928, 0.925, 0.926, 0.928, 0.928, 0.928, 0.923, 0.92, 0.919, 0.914, 0.91, 0.908, 0.905, 0.903, 0.904, 0.902, 0.909, 0.917, 0.92, 0.928, 0.938, 0.946, 0.953, 0.962, 0.969, 0.971, 0.971, 0.97, 0.969, 0.969, 0.97, 0.967, 0.969, 0.968, 0.963, 0.965, 0.967, 0.965, 0.963, 0.958, 0.95, 0.949, 0.943, 0.933, 0.929, 0.928, 0.925, 0.924, 0.927, 0.932, 0.934, 0.943, 0.952, 0.956, 0.966, 0.977, 0.985, 0.99, 0.992, 0.993, 0.994, 0.998, 0.996, 0.992, 0.991, 0.992, 0.994, 0.993, 0.997, 0.997, 0.996, 0.998, 0.999, 1.0, 0.999, 0.996, 0.991, 0.99, 0.991, 0.985, 0.978, 0.969, 0.955, 0.937, 0.916, 0.892, 0.868, 0.845, 0.824, 0.811, 0.807, 0.819, 0.841, 0.868, 0.892, 0.892, 0.854, 0.77, 0.644, 0.501, 0.365, 0.256, 0.177, 0.122, 0.085, 0.061, 0.044, 0.032, 0.025, 0.019, 0.014, 0.011, 0.0107, 0.008, 0.0061, 0.0052, 0.0, 0.0, 0.0, 0.0, 0.0, 0.0, 0.0
band5
1650.0
1514.0, 1515.0, 1517.0, 1519.0, 1521.0, 1523.0, 1525.0, 1526.0, 1528.0, 1530.0, 1532.0, 1534.0, 1536.0, 1538.0, 1540.0, 1542.0, 1543.0, 1545.0, 1547.0, 1549.0, 1551.0, 1553.0, 1555.0, 1557.0, 1559.0, 1561.0, 1563.0, 1565.0, 1567.0, 1569.0, 1571.0, 1572.0, 1574.0, 1576.0, 1578.0, 1580.0, 1582.0, 1584.0, 1586.0, 1588.0, 1590.0, 1592.0, 1594.0, 1596.0, 1598.0, 1600.0, 1602.0, 1604.0, 1606.0, 1608.0, 1610.0, 1613.0, 1615.0, 1617.0, 1619.0, 1621.0, 1623.0, 1625.0, 1627.0, 1629.0, 1631.0, 1633.0, 1635.0, 1637.0, 1639.0, 1641.0, 1643.0, 1645.0, 1647.0, 1649.0, 1651.0, 1653.0, 1656.0, 1658.0, 1660.0, 1662.0, 1664.0, 1666.0, 1668.0, 1670.0, 1672.0, 1674.0, 1676.0, 1678.0, 1680.0, 1682.0, 1684.0, 1687.0, 1689.0, 1691.0, 1693.0, 1695.0, 1697.0, 1699.0, 1701.0, 1703.0, 1705.0, 1707.0, 1709.0, 1711.0, 1714.0, 1716.0, 1718.0, 1720.0, 1722.0, 1724.0, 1725.0, 1726.0, 1728.0, 1730.0, 1732.0, 1734.0, 1736.0, 1738.0, 1740.0, 1742.0, 1744.0, 1747.0, 1749.0, 1751.0, 1753.0, 1755.0, 1757.0, 1759.0, 1761.0, 1763.0, 1765.0, 1767.0, 1769.0, 1771.0, 1773.0, 1775.0, 1777.0, 1779.0, 1781.0, 1783.0, 1785.0, 1787.0, 1789.0, 1791.0, 1793.0, 1795.0, 1797.0, 1799.0, 1801.0, 1803.0, 1805.0, 1807.0, 1809.0, 1811.0, 1813.0, 1815.0, 1820.0, 1825.0, 1830.0, 1840.0, 1850.0, 1860.0, 1870.0, 1880.0, nan, nan, nan, nan, nan, nan, nan, nan, nan, nan, nan, nan, nan, nan, nan, nan, nan, nan, nan, nan, nan, nan, nan, nan, nan, nan, nan, nan, nan, nan, nan, nan, nan, nan, nan, nan, nan, nan, nan, nan, nan, nan, nan, nan, nan, nan, nan, nan, nan, nan, nan, nan, nan, nan, nan, nan, nan, nan, nan, nan, nan, nan, nan, nan, nan, nan, nan, nan, nan, nan
0.006, 0.012, 0.003, 0.015, 0.012, 0.024, 0.04, 0.041, 0.057, 0.076, 0.097, 0.12, 0.176, 0.215, 0.274, 0.339, 0.393, 0.462, 0.499, 0.558, 0.598, 0.634, 0.667, 0.704, 0.724, 0.75, 0.778, 0.808, 0.825, 0.851, 0.867, 0.872, 0.884, 0.902, 0.901, 0.896, 0.897, 0.89, 0.899, 0.884, 0.876, 0.867, 0.873, 0.872, 0.879, 0.874, 0.861, 0.859, 0.877, 0.879, 0.899, 0.893, 0.9, 0.897, 0.917, 0.921, 0.926, 0.929, 0.945, 0.947, 0.948, 0.955, 0.952, 0.969, 0.96, 0.962, 0.959, 0.978, 0.96, 0.955, 0.952, 0.951, 0.952, 0.956, 0.944, 0.935, 0.933, 0.928, 0.942, 0.948, 0.942, 0.933, 0.944, 0.948, 0.945, 0.943, 0.951, 0.964, 0.967, 0.971, 0.974, 0.991, 0.995, 0.999, 0.996, 0.994, 1.0, 0.994, 0.983, 0.99, 0.987, 0.992, 0.986, 0.981, 0.983, 0.976, 0.978, 0.97, 0.968, 0.96, 0.944, 0.921, 0.883, 0.845, 0.791, 0.711, 0.638, 0.547, 0.462, 0.393, 0.325, 0.267, 0.212, 0.175, 0.142, 0.111, 0.084, 0.077, 0.058, 0.049, 0.042, 0.039, 0.034, 0.02, 0.021, 0.022, 0.011, 0.012, 0.004, 0.008, 0.0, 0.0, 0.0, 0.0, 0.0, 0.0, 0.0, 0.0, 0.0, 0.0, 0.0, 0.0, 0.0, 0.0, 0.0, 0.0, 0.0, 0.0, 0.0, 0.0, nan, nan, nan, nan, nan, nan, nan, nan, nan, nan, nan, nan, nan, nan, nan, nan, nan, nan, nan, nan, nan, nan, nan, nan, nan, nan, nan, nan, nan, nan, nan, nan, nan, nan, nan, nan, nan, nan, nan, nan, nan, nan, nan, nan, nan, nan, nan, nan, nan, nan, nan, nan, nan, nan, nan, nan, nan, nan, nan, nan, nan, nan, nan, nan, nan, nan, nan, nan, nan, nan
band7
2220.0
2000.0, 2001.0, 2003.0, 2005.0, 2007.0, 2009.0, 2011.0, 2013.0, 2015.0, 2017.0, 2018.0, 2020.0, 2022.0, 2024.0, 2026.0, 2028.0, 2030.0, 2032.0, 2034.0, 2035.0, 2037.0, 2039.0, 2041.0, 2043.0, 2045.0, 2047.0, 2049.0, 2051.0, 2052.0, 2054.0, 2056.0, 2058.0, 2060.0, 2062.0, 2064.0, 2066.0, 2067.0, 2069.0, 2071.0, 2073.0, 2075.0, 2077.0, 2079.0, 2081.0, 2083.0, 2085.0, 2086.0, 2088.0, 2090.0, 2092.0, 2094.0, 2096.0, 2099.0, 2100.0, 2102.0, 2104.0, 2106.0, 2108.0, 2110.0, 2112.0, 2114.0, 2116.0, 2117.0, 2119.0, 2121.0, 2123.0, 2125.0, 2127.0, 2129.0, 2131.0, 2133.0, 2135.0, 2136.0, 2138.0, 2140.0, 2142.0, 2144.0, 2146.0, 2148.0, 2150.0, 2151.0, 2153.0, 2155.0, 2157.0, 2159.0, 2161.0, 2163.0, 2165.0, 2166.0, 2168.0, 2170.0, 2172.0, 2174.0, 2176.0, 2178.0, 2180.0, 2182.0, 2183.0, 2185.0, 2187.0, 2189.0, 2191.0, 2193.0, 2195.0, 2197.0, 2199.0, 2201.0, 2203.0, 2205.0, 2207.0, 2209.0, 2210.0, 2212.0, 2214.0, 2216.0, 2218.0, 2220.0, 2222.0, 2223.0, 2226.0, 2227.0, 2229.0, 2231.0, 2233.0, 2235.0, 2237.0, 2239.0, 2241.0, 2242.0, 2244.0, 2246.0, 2248.0, 2250.0, 2252.0, 2254.0, 2256.0, 2258.0, 2259.0, 2261.0, 2263.0, 2265.0, 2267.0, 2269.0, 2271.0, 2273.0, 2274.0, 2276.0, 2278.0, 2280.0, 2282.0, 2284.0, 2286.0, 2288.0, 2290.0, 2292.0, 2293.0, 2295.0, 2297.0, 2299.0, 2301.0, 2303.0, 2305.0, 2307.0, 2309.0, 2310.0, 2312.0, 2314.0, 2316.0, 2318.0, 2320.0, 2322.0, 2323.0, 2325.0, 2327.0, 2329.0, 2331.0, 2333.0, 2335.0, 2337.0, 2339.0, 2340.0, 2342.0, 2344.0, 2346.0, 2348.0, 2350.0, 2352.0, 2354.0, 2355.0, 2357.0, 2359.0, 2361.0, 2363.0, 2365.0, 2367.0, 2369.0, 2371.0, 2373.0, 2374.0, 2376.0, 2378.0, 2380.0, 2382.0, 2384.0, 2386.0, 2390.0, 2395.0, 2400.0
0.0, 0.003, -0.002, 0.003, -0.001, 0.0, 0.004, -0.004, 0.002, 0.002, 0.002, 0.012, 0.009, 0.007, 0.011, 0.02, 0.017, 0.03, 0.035, 0.037, 0.044, 0.051, 0.065, 0.08, 0.088, 0.102, 0.133, 0.165, 0.188, 0.22, 0.264, 0.316, 0.367, 0.421, 0.484, 0.554, 0.59, 0.67, 0.683, 0.73, 0.756, 0.767, 0.794, 0.774, 0.776, 0.789, 0.775, 0.784, 0.778, 0.768, 0.762, 0.761, 0.775, 0.775, 0.764, 0.784, 0.792, 0.814, 0.794, 0.825, 0.817, 0.806, 0.819, 0.821, 0.852, 0.832, 0.836, 0.85, 0.855, 0.862, 0.853, 0.871, 0.848, 0.882, 0.875, 0.86, 0.856, 0.887, 0.85, 0.872, 0.879, 0.857, 0.865, 0.867, 0.871, 0.882, 0.87, 0.869, 0.873, 0.877, 0.868, 0.88, 0.877, 0.87, 0.878, 0.88, 0.868, 0.881, 0.87, 0.856, 0.863, 0.863, 0.857, 0.844, 0.859, 0.857, 0.852, 0.866, 0.868, 0.856, 0.856, 0.847, 0.861, 0.862, 0.84, 0.856, 0.838, 0.856, 0.837, 0.842, 0.826, 0.844, 0.827, 0.842, 0.822, 0.843, 0.823, 0.854, 0.839, 0.853, 0.854, 0.865, 0.873, 0.869, 0.865, 0.893, 0.89, 0.89, 0.906, 0.924, 0.92, 0.922, 0.939, 0.916, 0.94, 0.93, 0.942, 0.957, 0.954, 0.951, 0.954, 0.966, 0.975, 0.985, 0.971, 0.973, 0.97, 0.993, 0.996, 0.983, 0.972, 1.0, 0.998, 0.971, 0.968, 0.967, 0.962, 0.949, 0.923, 0.929, 0.917, 0.934, 0.903, 0.926, 0.916, 0.942, 0.924, 0.92, 0.863, 0.824, 0.775, 0.684, 0.583, 0.48, 0.378, 0.275, 0.233, 0.171, 0.131, 0.111, 0.081, 0.069, 0.046, 0.029, 0.038, -0.002, 0.029, 0.016, 0.009, 0.017, 0.003, 0.015, 0.0, -0.009, 0.007, 0.0, 0.0, 0.0
