These are relative spectral response functions of sentinel3_olci, and data are taken from official websites. 
Band name may be different from what you can see on those websites, but the right band numbers are kept. 
c1 is generally what you want to use, but others are also included when they are available. 
Works from Professor Philip Lewis and Jose Gómez-Dans are included.

Feng Yin

Dept. Geography, University College London
Gower St.
London WC1E 6BT, UK
marcyinfeng@gmail.com

c1
band1
400.0
387.746, 387.865, 387.983, 388.101, 388.219, 388.337, 388.455, 388.574, 388.692, 388.81, 388.929, 389.047, 389.166, 389.284, 389.403, 389.522, 389.64, 389.758, 389.877, 389.995, 390.113, 390.231, 390.349, 390.467, 390.586, 390.704, 390.822, 390.941, 391.059, 391.177, 391.296, 391.415, 391.533, 391.652, 391.77, 391.889, 392.007, 392.125, 392.243, 392.361, 392.48, 392.598, 392.716, 392.834, 392.953, 393.071, 393.189, 393.308, 393.426, 393.545, 393.663, 393.782, 393.9, 394.019, 394.137, 394.255, 394.373, 394.492, 394.61, 394.728, 394.846, 394.965, 395.083, 395.201, 395.319, 395.438, 395.556, 395.675, 395.794, 395.912, 396.03, 396.149, 396.267, 396.385, 396.504, 396.622, 396.74, 396.859, 396.977, 397.095, 397.213, 397.331, 397.45, 397.568, 397.686, 397.805, 397.924, 398.042, 398.16, 398.279, 398.397, 398.516, 398.634, 398.752, 398.87, 398.989, 399.107, 399.225, 399.344, 399.462, 399.58, 399.699, 399.817, 399.935, 400.054, 400.172, 400.29, 400.409, 400.527, 400.645, 400.764, 400.882, 401.001, 401.119, 401.237, 401.356, 401.474, 401.592, 401.711, 401.829, 401.948, 402.066, 402.184, 402.302, 402.42, 402.539, 402.657, 402.775, 402.894, 403.012, 403.131, 403.249, 403.368, 403.486, 403.604, 403.723, 403.841, 403.96, 404.078, 404.196, 404.314, 404.432, 404.55, 404.669, 404.787, 404.906, 405.024, 405.142, 405.261, 405.379, 405.498, 405.616, 405.734, 405.853, 405.971, 406.09, 406.208, 406.326, 406.445, 406.563, 406.681, 406.799, 406.917, 407.036, 407.154, 407.272, 407.391, 407.51, 407.628, 407.746, 407.865, 407.983, 408.102, 408.22, 408.338, 408.457, 408.575, 408.693, 408.811, 408.929, 409.047, 409.166, 409.284, 409.403, 409.521, 409.64, 409.758, 409.877, 409.995, 410.113, 410.232, 410.35, 410.469, 410.587, 410.705, 410.823, 410.941, 411.059, 411.178, 411.296
5.66829e-08, 1.09052e-07, 2.06901e-07, 3.87127e-07, 7.14368e-07, 1.30015e-06, 2.33394e-06, 4.1328e-06, 7.21929e-06, 1.24418e-05, 2.11574e-05, 3.55053e-05, 5.88088e-05, 9.61587e-05, 0.000155243, 0.000247511, 0.000389782, 0.000606409, 0.000932144, 0.00141584, 0.00212513, 0.00315386, 0.00463077, 0.00672417, 0.00965163, 0.0136866, 0.0191619, 0.0264575, 0.0359929, 0.0482135, 0.0635526, 0.0823924, 0.104988, 0.131431, 0.1616, 0.195118, 0.231351, 0.269432, 0.308326, 0.346918, 0.384121, 0.418991, 0.450816, 0.479178, 0.503951, 0.525283, 0.543522, 0.559119, 0.572538, 0.584177, 0.59435, 0.603286, 0.611147, 0.618084, 0.624272, 0.629925, 0.635277, 0.640544, 0.645882, 0.651371, 0.656995, 0.662655, 0.668231, 0.673625, 0.678804, 0.683811, 0.688748, 0.693756, 0.698959, 0.704415, 0.710098, 0.71591, 0.721723, 0.72741, 0.73289, 0.738167, 0.743327, 0.748508, 0.753841, 0.75942, 0.765263, 0.771305, 0.77741, 0.783426, 0.789241, 0.794824, 0.800229, 0.805585, 0.811048, 0.816757, 0.822764, 0.829022, 0.835403, 0.841745, 0.847899, 0.853793, 0.859451, 0.86495, 0.870426, 0.876024, 0.881812, 0.887769, 0.893775, 0.89969, 0.90537, 0.910632, 0.915265, 0.919329, 0.922908, 0.926164, 0.92918, 0.932015, 0.93474, 0.937237, 0.939446, 0.94126, 0.942672, 0.943857, 0.945016, 0.946355, 0.948033, 0.950117, 0.952541, 0.955153, 0.957733, 0.960101, 0.962146, 0.963894, 0.965459, 0.967049, 0.968848, 0.970975, 0.973444, 0.976136, 0.978867, 0.981422, 0.98366, 0.985532, 0.987114, 0.98857, 0.990088, 0.991791, 0.993705, 0.995693, 0.997491, 0.998731, 0.999044, 0.998065, 0.99547, 0.990983, 0.984241, 0.974795, 0.962031, 0.945144, 0.923201, 0.895256, 0.86044, 0.81822, 0.768586, 0.712092, 0.64988, 0.583595, 0.515247, 0.446969, 0.380811, 0.31856, 0.261627, 0.210968, 0.167067, 0.129972, 0.0993774, 0.0747191, 0.0552755, 0.0402576, 0.0288831, 0.0204256, 0.0142456, 0.00980352, 0.00665969, 0.00446725, 0.00295967, 0.00193694, 0.00125222, 0.000799686, 0.000504414, 0.000314209, 0.000193257, 0.000117341, 7.03187e-05, 4.15826e-05, 2.42598e-05, 1.39611e-05, 7.92399e-06, 4.43504e-06, 2.44756e-06, 1.3317e-06, 7.14308e-07, 3.77693e-07, 1.96852e-07, 1.01126e-07
band10
681.25
673.413, 673.495, 673.579, 673.659, 673.74, 673.825, 673.904, 673.986, 674.07, 674.15, 674.232, 674.315, 674.396, 674.477, 674.56, 674.642, 674.723, 674.805, 674.888, 674.968, 675.05, 675.134, 675.214, 675.296, 675.38, 675.459, 675.54, 675.625, 675.705, 675.785, 675.871, 675.95, 676.031, 676.117, 676.196, 676.276, 676.363, 676.441, 676.522, 676.608, 676.687, 676.767, 676.854, 676.933, 677.013, 677.099, 677.178, 677.258, 677.344, 677.424, 677.504, 677.589, 677.669, 677.75, 677.834, 677.914, 677.996, 678.08, 678.16, 678.241, 678.325, 678.406, 678.487, 678.57, 678.651, 678.732, 678.815, 678.897, 678.978, 679.061, 679.143, 679.223, 679.306, 679.389, 679.469, 679.551, 679.635, 679.715, 679.796, 679.881, 679.96, 680.042, 680.127, 680.206, 680.287, 680.373, 680.451, 680.532, 680.618, 680.697, 680.777, 680.864, 680.942, 681.023, 681.109, 681.188, 681.268, 681.354, 681.433, 681.514, 681.599, 681.679, 681.76, 681.844, 681.925, 682.005, 682.089, 682.17, 682.251, 682.335, 682.416, 682.496, 682.58, 682.662, 682.742, 682.825, 682.907, 682.988, 683.071, 683.153, 683.233, 683.316, 683.399, 683.479, 683.561, 683.645, 683.724, 683.806, 683.891, 683.97, 684.052, 684.137, 684.215, 684.297, 684.382, 684.461, 684.543, 684.628, 684.707, 684.788, 684.873, 684.952, 685.033, 685.118, 685.198, 685.278, 685.364, 685.444, 685.524, 685.609, 685.689, 685.769, 685.854, 685.935, 686.015, 686.099, 686.181, 686.261, 686.345, 686.426, 686.506, 686.59, 686.672, 686.751, 686.835, 686.918, 686.997, 687.081, 687.163, 687.242, 687.326, 687.409, 687.488, 687.571, 687.655, 687.734, 687.817, 687.9, 687.979, 688.062, 688.146, 688.225, 688.307, 688.392, 688.47, 688.553, 688.637, 688.716, 688.798, 688.882, 688.962, 689.044, 689.128, 689.208, 689.289, 689.373, 689.453, 689.534, 689.618, 689.699
2.81719e-08, 4.66387e-08, 7.66453e-08, 1.25038e-07, 2.02499e-07, 3.25564e-07, 5.19626e-07, 8.23365e-07, 1.29523e-06, 2.02287e-06, 3.13659e-06, 4.82862e-06, 7.38021e-06, 1.11997e-05, 1.68749e-05, 2.52456e-05, 3.75015e-05, 5.53149e-05, 8.10172e-05, 0.000117832, 0.000170179, 0.000244074, 0.000347624, 0.000491676, 0.000690606, 0.000963308, 0.00133438, 0.00183554, 0.00250732, 0.00340093, 0.00458044, 0.00612501, 0.00813141, 0.0107162, 0.0140181, 0.0181995, 0.0234472, 0.029973, 0.0380111, 0.0478153, 0.0596529, 0.0737972, 0.0905162, 0.11006, 0.132644, 0.158435, 0.18753, 0.219943, 0.255588, 0.294269, 0.335673, 0.379371, 0.424833, 0.471432, 0.518475, 0.565236, 0.610991, 0.655043, 0.696771, 0.735657, 0.771316, 0.803497, 0.832105, 0.857179, 0.878884, 0.897479, 0.91329, 0.926676, 0.937986, 0.947548, 0.955647, 0.9625, 0.968274, 0.973083, 0.977007, 0.980104, 0.982434, 0.984071, 0.985103, 0.985658, 0.985867, 0.985878, 0.985843, 0.985881, 0.986079, 0.986489, 0.987109, 0.987897, 0.988775, 0.989646, 0.990405, 0.990983, 0.991322, 0.991406, 0.991275, 0.990981, 0.990633, 0.990331, 0.990177, 0.990252, 0.990607, 0.991246, 0.992112, 0.993141, 0.994224, 0.995277, 0.996165, 0.996844, 0.997257, 0.997435, 0.997383, 0.997195, 0.99696, 0.996777, 0.996713, 0.996807, 0.997095, 0.997495, 0.997922, 0.998293, 0.998436, 0.998213, 0.997494, 0.996164, 0.994107, 0.991263, 0.987564, 0.982948, 0.977339, 0.970604, 0.962582, 0.953045, 0.941705, 0.928231, 0.912263, 0.893435, 0.871426, 0.845969, 0.8169, 0.784179, 0.74791, 0.708346, 0.665886, 0.621058, 0.574497, 0.52691, 0.479042, 0.431632, 0.385384, 0.340936, 0.29883, 0.259502, 0.223268, 0.190326, 0.160763, 0.134565, 0.11163, 0.0917876, 0.0748175, 0.0604646, 0.0484554, 0.0385118, 0.0303615, 0.0237461, 0.0184277, 0.0141909, 0.010846, 0.00822812, 0.00619649, 0.00463282, 0.003439, 0.00253474, 0.00185512, 0.00134822, 0.000973003, 0.000697325, 0.000496284, 0.000350749, 0.000246167, 0.000171565, 0.000118736, 8.15987e-05, 5.56832e-05, 3.77307e-05, 2.53855e-05, 1.69586e-05, 1.12485e-05, 7.40788e-06, 4.8437e-06, 3.1444e-06, 2.02659e-06, 1.29675e-06, 8.23759e-07, 5.19504e-07, 3.25249e-07, 2.0215e-07, 1.24726e-07, 7.63931e-08, 4.64473e-08, 2.80329e-08
band11
708.75
699.727, 699.819, 699.913, 700.007, 700.102, 700.198, 700.289, 700.385, 700.481, 700.573, 700.668, 700.761, 700.857, 700.952, 701.043, 701.139, 701.235, 701.328, 701.423, 701.516, 701.611, 701.707, 701.798, 701.893, 701.99, 702.082, 702.177, 702.27, 702.366, 702.461, 702.553, 702.648, 702.744, 702.837, 702.932, 703.024, 703.12, 703.216, 703.308, 703.402, 703.498, 703.591, 703.686, 703.778, 703.875, 703.97, 704.062, 704.156, 704.252, 704.346, 704.441, 704.532, 704.629, 704.724, 704.817, 704.911, 705.007, 705.1, 705.195, 705.287, 705.383, 705.479, 705.572, 705.666, 705.761, 705.855, 705.95, 706.042, 706.138, 706.233, 706.326, 706.42, 706.515, 706.609, 706.704, 706.797, 706.892, 706.988, 707.081, 707.175, 707.269, 707.364, 707.459, 707.552, 707.646, 707.742, 707.835, 707.93, 708.023, 708.118, 708.213, 708.306, 708.4, 708.496, 708.59, 708.684, 708.777, 708.873, 708.968, 709.061, 709.155, 709.251, 709.344, 709.439, 709.531, 709.627, 709.722, 709.815, 709.909, 710.005, 710.099, 710.194, 710.285, 710.382, 710.476, 710.57, 710.664, 710.759, 710.853, 710.948, 711.04, 711.136, 711.231, 711.324, 711.418, 711.513, 711.608, 711.702, 711.795, 711.891, 711.985, 712.078, 712.173, 712.267, 712.362, 712.457, 712.549, 712.645, 712.74, 712.833, 712.928, 713.021, 713.117, 713.211, 713.304, 713.399, 713.494, 713.587, 713.683, 713.775, 713.872, 713.966, 714.059, 714.154, 714.249, 714.341, 714.437, 714.529, 714.626, 714.72, 714.813, 714.908, 715.003, 715.096, 715.192, 715.283, 715.381, 715.475, 715.567, 715.662, 715.758, 715.851, 715.946, 716.038, 716.135, 716.229, 716.322, 716.417, 716.512, 716.605, 716.701, 716.792, 716.889, 716.984, 717.076, 717.172, 717.266, 717.36, 717.455, 717.547, 717.644, 717.738, 717.83, 717.926, 718.02, 718.115, 718.209, 718.301, 718.398, 718.492
2.37776e-08, 4.27401e-08, 7.60732e-08, 1.34081e-07, 2.34019e-07, 4.04478e-07, 6.92324e-07, 1.17355e-06, 1.97008e-06, 3.27541e-06, 5.39334e-06, 8.79567e-06, 1.42073e-05, 2.27301e-05, 3.602e-05, 5.65401e-05, 8.7913e-05, 0.000135408, 0.000206608, 0.000312298, 0.000467652, 0.000693767, 0.00101963, 0.00148461, 0.00214144, 0.00305989, 0.00433097, 0.00607164, 0.00842982, 0.0115894, 0.0157749, 0.0212546, 0.0283418, 0.0373935, 0.048804, 0.0629942, 0.0803946, 0.101422, 0.126448, 0.155771, 0.189571, 0.22788, 0.270546, 0.317215, 0.367316, 0.420076, 0.474543, 0.529633, 0.584193, 0.637088, 0.687253, 0.733792, 0.776031, 0.81355, 0.846203, 0.874096, 0.89755, 0.917038, 0.933114, 0.946342, 0.957241, 0.966234, 0.973644, 0.979673, 0.98447, 0.988117, 0.990705, 0.992348, 0.993203, 0.993469, 0.993394, 0.99321, 0.993121, 0.99327, 0.993722, 0.99444, 0.995339, 0.996255, 0.997019, 0.997508, 0.997629, 0.997384, 0.996862, 0.996173, 0.995521, 0.995048, 0.994879, 0.995078, 0.99562, 0.996401, 0.997275, 0.99806, 0.998606, 0.998789, 0.998605, 0.998075, 0.997352, 0.9966, 0.995971, 0.995627, 0.995636, 0.995993, 0.996628, 0.997392, 0.998125, 0.998657, 0.99887, 0.998703, 0.99822, 0.997496, 0.996703, 0.996026, 0.9956, 0.99555, 0.995873, 0.996508, 0.997343, 0.998194, 0.998882, 0.999288, 0.999333, 0.998984, 0.998363, 0.99761, 0.996887, 0.996326, 0.996082, 0.996126, 0.996437, 0.99684, 0.997133, 0.997074, 0.996428, 0.994983, 0.992583, 0.989121, 0.98452, 0.978689, 0.971497, 0.962736, 0.952079, 0.939089, 0.923245, 0.903953, 0.880652, 0.852839, 0.820184, 0.782572, 0.74014, 0.693307, 0.642765, 0.589424, 0.534359, 0.478736, 0.423724, 0.37043, 0.31982, 0.272684, 0.229599, 0.190926, 0.156818, 0.127239, 0.102007, 0.0808174, 0.0632923, 0.0490082, 0.0375289, 0.0284281, 0.0213066, 0.0158038, 0.0116033, 0.00843433, 0.00607069, 0.00432717, 0.00305488, 0.00213621, 0.00147972, 0.00101536, 0.000690198, 0.000464772, 0.000310041, 0.000204881, 0.000134115, 8.69631e-05, 5.58548e-05, 3.5534e-05, 2.23907e-05, 1.3974e-05, 8.63761e-06, 5.28776e-06, 3.20587e-06, 1.92489e-06, 1.14457e-06, 6.73974e-07, 3.93008e-07, 2.26939e-07, 1.29764e-07, 7.34729e-08, 4.11924e-08, 2.28674e-08
band12
753.75
746.049, 746.129, 746.215, 746.294, 746.374, 746.46, 746.54, 746.62, 746.705, 746.786, 746.865, 746.95, 747.031, 747.11, 747.194, 747.277, 747.356, 747.439, 747.523, 747.601, 747.684, 747.769, 747.847, 747.928, 748.014, 748.092, 748.173, 748.259, 748.338, 748.418, 748.505, 748.583, 748.664, 748.75, 748.828, 748.909, 748.996, 749.074, 749.154, 749.241, 749.319, 749.399, 749.487, 749.564, 749.644, 749.732, 749.81, 749.889, 749.977, 750.055, 750.135, 750.222, 750.3, 750.38, 750.467, 750.546, 750.625, 750.712, 750.792, 750.871, 750.956, 751.038, 751.116, 751.201, 751.284, 751.362, 751.446, 751.529, 751.607, 751.691, 751.775, 751.853, 751.935, 752.02, 752.098, 752.18, 752.266, 752.344, 752.425, 752.511, 752.589, 752.67, 752.757, 752.835, 752.916, 753.002, 753.08, 753.161, 753.248, 753.325, 753.406, 753.493, 753.57, 753.651, 753.738, 753.816, 753.896, 753.983, 754.061, 754.141, 754.228, 754.307, 754.386, 754.473, 754.552, 754.631, 754.718, 754.798, 754.876, 754.963, 755.044, 755.122, 755.208, 755.29, 755.367, 755.453, 755.535, 755.613, 755.697, 755.781, 755.858, 755.942, 756.026, 756.104, 756.187, 756.272, 756.349, 756.432, 756.517, 756.595, 756.677, 756.763, 756.841, 756.922, 757.008, 757.086, 757.167, 757.254, 757.331, 757.413, 757.5, 757.577, 757.658, 757.745, 757.822, 757.903, 757.99, 758.068, 758.148, 758.234, 758.313, 758.393, 758.479, 758.559, 758.637, 758.725, 758.804, 758.882, 758.97, 759.05, 759.128, 759.214, 759.296, 759.373, 759.459, 759.541, 759.619, 759.704, 759.787, 759.864, 759.949, 760.032, 760.11, 760.194, 760.278, 760.355, 760.439, 760.523, 760.601, 760.684, 760.769, 760.846, 760.929, 761.015, 761.092, 761.174, 761.26, 761.337, 761.419, 761.506, 761.583, 761.665, 761.751, 761.828, 761.909, 761.996, 762.074, 762.155, 762.241, 762.319
1.65316e-08, 2.7878e-08, 4.66529e-08, 7.7477e-08, 1.27688e-07, 2.0884e-07, 3.38978e-07, 5.46047e-07, 8.72955e-07, 1.38505e-06, 2.18098e-06, 3.40848e-06, 5.28683e-06, 8.13885e-06, 1.24357e-05, 1.88592e-05, 2.83876e-05, 4.24127e-05, 6.28973e-05, 9.25862e-05, 0.000135285, 0.000196221, 0.00028252, 0.000403798, 0.000572928, 0.000806978, 0.00112837, 0.00156627, 0.00215828, 0.00295232, 0.00400888, 0.00540339, 0.00722883, 0.00959838, 0.0126479, 0.016538, 0.0214559, 0.0276153, 0.035256, 0.0446408, 0.0560506, 0.0697765, 0.086109, 0.105325, 0.127671, 0.153346, 0.18248, 0.215117, 0.251195, 0.290537, 0.332833, 0.377652, 0.424435, 0.472525, 0.521181, 0.569614, 0.617034, 0.662679, 0.705866, 0.746024, 0.782727, 0.815704, 0.844857, 0.870243, 0.892059, 0.910606, 0.926262, 0.939431, 0.95051, 0.95986, 0.96778, 0.9745, 0.980176, 0.9849, 0.988736, 0.991723, 0.993896, 0.995314, 0.99608, 0.996316, 0.996188, 0.99587, 0.995515, 0.995287, 0.995275, 0.995542, 0.996072, 0.996803, 0.997652, 0.998466, 0.99913, 0.999548, 0.999618, 0.999363, 0.998791, 0.998012, 0.99713, 0.996276, 0.995571, 0.995113, 0.994959, 0.995079, 0.99543, 0.995924, 0.99642, 0.996798, 0.996944, 0.996769, 0.99626, 0.995443, 0.99439, 0.993228, 0.992096, 0.9911, 0.99037, 0.989958, 0.989859, 0.990025, 0.990342, 0.990648, 0.990777, 0.990551, 0.989802, 0.988407, 0.98628, 0.98336, 0.979616, 0.975014, 0.969508, 0.963004, 0.955348, 0.946306, 0.935575, 0.922792, 0.907538, 0.889403, 0.867995, 0.843, 0.81421, 0.781555, 0.745129, 0.705195, 0.662184, 0.616667, 0.569334, 0.520947, 0.47231, 0.424217, 0.377416, 0.332574, 0.29025, 0.250886, 0.214789, 0.182142, 0.153006, 0.127336, 0.105003, 0.0858053, 0.0694957, 0.0557956, 0.0444129, 0.0350556, 0.0274415, 0.0213073, 0.0164126, 0.0125433, 0.00951216, 0.00715855, 0.0053467, 0.00396363, 0.00291655, 0.00213027, 0.00154454, 0.00111167, 0.000794259, 0.000563324, 0.000396609, 0.000277185, 0.000192296, 0.000132421, 9.05158e-05, 6.1413e-05, 4.13575e-05, 2.76438e-05, 1.83393e-05, 1.20754e-05, 7.89133e-06, 5.11821e-06, 3.29456e-06, 2.1047e-06, 1.3344e-06, 8.39611e-07, 5.24281e-07, 3.24892e-07, 1.99801e-07, 1.21936e-07, 7.38484e-08, 4.43831e-08, 2.64701e-08, 1.56655e-08
band13
761.25
756.095, 756.155, 756.213, 756.268, 756.323, 756.379, 756.44, 756.495, 756.55, 756.605, 756.665, 756.722, 756.777, 756.831, 756.889, 756.949, 757.004, 757.059, 757.114, 757.175, 757.231, 757.286, 757.34, 757.399, 757.458, 757.513, 757.568, 757.624, 757.684, 757.74, 757.795, 757.849, 757.909, 757.967, 758.022, 758.076, 758.134, 758.194, 758.249, 758.304, 758.359, 758.419, 758.476, 758.531, 758.585, 758.643, 758.703, 758.758, 758.813, 758.869, 758.929, 758.985, 759.04, 759.094, 759.153, 759.212, 759.267, 759.321, 759.378, 759.438, 759.494, 759.549, 759.604, 759.663, 759.721, 759.776, 759.83, 759.888, 759.948, 760.003, 760.058, 760.113, 760.173, 760.23, 760.285, 760.339, 760.398, 760.457, 760.512, 760.567, 760.623, 760.682, 760.739, 760.794, 760.848, 760.907, 760.966, 761.021, 761.075, 761.133, 761.192, 761.248, 761.303, 761.358, 761.417, 761.475, 761.53, 761.584, 761.642, 761.702, 761.757, 761.811, 761.867, 761.927, 761.984, 762.039, 762.093, 762.152, 762.211, 762.266, 762.32, 762.377, 762.436, 762.493, 762.548, 762.602, 762.662, 762.72, 762.775, 762.829, 762.887, 762.946, 763.002, 763.056, 763.112, 763.171, 763.229, 763.284, 763.338, 763.396, 763.456, 763.511, 763.565, 763.622, 763.681, 763.737, 763.793, 763.847, 763.906, 763.965, 764.02, 764.074, 764.131, 764.19, 764.247, 764.301, 764.357, 764.416, 764.474, 764.529, 764.583, 764.641, 764.7, 764.756, 764.81, 764.866, 764.925, 764.983, 765.038, 765.092, 765.151, 765.209, 765.265, 765.319, 765.376, 765.435, 765.492, 765.546, 765.602, 765.66, 765.719, 765.774, 765.828, 765.885, 765.944, 766.001, 766.055, 766.111, 766.17, 766.228, 766.283, 766.337, 766.395, 766.454, 766.51, 766.564, 766.62, 766.679, 766.737, 766.791, 766.846, 766.905, 766.963, 767.019, 767.073, 767.13, 767.189, 767.246, 767.3, 767.356
1.74167e-08, 2.50698e-08, 3.59522e-08, 5.13676e-08, 7.31216e-08, 1.03704e-07, 1.46536e-07, 2.06294e-07, 2.89355e-07, 4.04366e-07, 5.63019e-07, 7.81044e-07, 1.07953e-06, 1.48663e-06, 2.03976e-06, 2.78847e-06, 3.79812e-06, 5.15448e-06, 6.96977e-06, 9.39012e-06, 1.2605e-05, 1.68594e-05, 2.2468e-05, 2.98342e-05, 3.94726e-05, 5.20366e-05, 6.8353e-05, 8.94632e-05, 0.000116674, 0.000151617, 0.00019632, 0.0002533, 0.000325654, 0.000417189, 0.000532559, 0.000677425, 0.000858649, 0.00108451, 0.00136493, 0.0017118, 0.00213922, 0.0026639, 0.00330549, 0.00408702, 0.00503528, 0.00618132, 0.00756084, 0.00921471, 0.0111894, 0.0135372, 0.016317, 0.0195939, 0.0234399, 0.0279336, 0.0331602, 0.0392107, 0.0461817, 0.0541741, 0.0632918, 0.0736403, 0.0853245, 0.0984464, 0.113102, 0.12938, 0.147356, 0.167092, 0.18863, 0.21199, 0.237168, 0.264133, 0.292822, 0.323141, 0.354964, 0.388131, 0.422453, 0.45771, 0.493655, 0.530025, 0.566535, 0.602892, 0.638804, 0.673978, 0.708134, 0.741013, 0.772374, 0.802009, 0.82974, 0.855438, 0.879008, 0.900383, 0.919544, 0.936502, 0.951291, 0.963966, 0.97462, 0.983303, 0.990126, 0.995135, 0.998405, 0.999994, 0.999932, 0.998145, 0.994702, 0.989527, 0.98254, 0.973685, 0.96288, 0.950042, 0.935106, 0.918013, 0.898723, 0.87723, 0.853559, 0.82777, 0.79996, 0.770264, 0.738866, 0.705964, 0.671797, 0.636627, 0.600734, 0.564411, 0.527948, 0.491635, 0.455757, 0.420575, 0.386336, 0.353255, 0.321523, 0.291297, 0.262702, 0.235833, 0.210748, 0.187482, 0.166036, 0.14639, 0.128499, 0.112303, 0.0977266, 0.0846803, 0.0730669, 0.0627841, 0.053727, 0.04579, 0.0388691, 0.0328635, 0.0276771, 0.0232189, 0.0194043, 0.016155, 0.0133994, 0.0110726, 0.00911624, 0.00747808, 0.00611206, 0.00497757, 0.00403912, 0.00326589, 0.0026313, 0.0021125, 0.00168997, 0.00134718, 0.00107012, 0.000847029, 0.000668079, 0.00052507, 0.000411211, 0.000320898, 0.000249531, 0.000193345, 0.000149275, 0.000114838, 8.80293e-05, 6.72368e-05, 5.11709e-05, 3.88036e-05, 2.93191e-05, 2.20727e-05, 1.65572e-05, 1.23748e-05, 9.2154e-06, 6.83761e-06, 5.05489e-06, 3.72334e-06, 2.73253e-06, 1.99805e-06, 1.45566e-06, 1.05661e-06, 7.64151e-07, 5.5061e-07, 3.95286e-07, 2.82734e-07, 2.01486e-07, 1.43056e-07, 1.01196e-07, 7.13203e-08, 5.0079e-08, 3.50346e-08, 2.44197e-08, 1.69583e-08
band14
764.375
758.59, 758.655, 758.72, 758.781, 758.841, 758.906, 758.971, 759.032, 759.091, 759.157, 759.221, 759.283, 759.342, 759.407, 759.472, 759.533, 759.593, 759.658, 759.723, 759.784, 759.843, 759.909, 759.974, 760.035, 760.094, 760.159, 760.224, 760.286, 760.345, 760.41, 760.475, 760.536, 760.595, 760.661, 760.726, 760.787, 760.846, 760.911, 760.977, 761.038, 761.097, 761.162, 761.227, 761.288, 761.347, 761.413, 761.478, 761.539, 761.598, 761.663, 761.728, 761.79, 761.849, 761.914, 761.979, 762.04, 762.1, 762.165, 762.23, 762.291, 762.35, 762.415, 762.48, 762.542, 762.601, 762.666, 762.731, 762.792, 762.852, 762.917, 762.982, 763.043, 763.102, 763.168, 763.233, 763.294, 763.353, 763.418, 763.483, 763.545, 763.604, 763.669, 763.734, 763.795, 763.854, 763.92, 763.985, 764.046, 764.105, 764.17, 764.235, 764.297, 764.356, 764.421, 764.486, 764.547, 764.606, 764.672, 764.737, 764.798, 764.857, 764.922, 764.987, 765.049, 765.108, 765.173, 765.238, 765.299, 765.358, 765.424, 765.489, 765.55, 765.609, 765.674, 765.74, 765.801, 765.86, 765.925, 765.99, 766.051, 766.11, 766.176, 766.241, 766.302, 766.361, 766.426, 766.492, 766.553, 766.612, 766.677, 766.742, 766.803, 766.862, 766.928, 766.993, 767.054, 767.113, 767.178, 767.244, 767.305, 767.364, 767.429, 767.494, 767.556, 767.614, 767.68, 767.745, 767.806, 767.865, 767.93, 767.996, 768.057, 768.116, 768.181, 768.246, 768.308, 768.367, 768.432, 768.497, 768.558, 768.617, 768.682, 768.748, 768.809, 768.868, 768.933, 768.998, 769.06, 769.119, 769.184, 769.249, 769.31, 769.369, 769.434, 769.5, 769.561, 769.62, 769.685, 769.75, 769.812, 769.871, 769.936, 770.001, 770.062, 770.121, 770.186, 770.252, 770.313, 770.372, 770.437, 770.502, 770.564, 770.622, 770.688, 770.753, 770.814, 770.873, 770.938, 771.004, 771.065
1.50211e-08, 2.24791e-08, 3.34885e-08, 4.96656e-08, 7.33263e-08, 1.07774e-07, 1.57695e-07, 2.29707e-07, 3.33109e-07, 4.80903e-07, 6.91174e-07, 9.88968e-07, 1.40877e-06, 1.99788e-06, 2.82076e-06, 3.96495e-06, 5.54864e-06, 7.73056e-06, 1.07231e-05, 1.48086e-05, 2.03608e-05, 2.7872e-05, 3.79872e-05, 5.15473e-05, 6.96433e-05, 9.36825e-05, 0.000125473, 0.000167325, 0.00022217, 0.000293721, 0.000386646, 0.00050678, 0.000661393, 0.000859477, 0.0011121, 0.00143281, 0.00183808, 0.00234784, 0.00298602, 0.00378121, 0.00476733, 0.0059843, 0.00747881, 0.00930496, 0.0115251, 0.0142102, 0.0174406, 0.0213059, 0.0259055, 0.0313478, 0.0377501, 0.0452369, 0.0539391, 0.0639902, 0.075525, 0.088676, 0.103568, 0.120315, 0.139016, 0.159746, 0.182554, 0.207458, 0.234437, 0.263431, 0.294336, 0.327003, 0.361236, 0.396796, 0.433407, 0.470755, 0.508501, 0.546285, 0.583744, 0.620513, 0.65625, 0.690631, 0.723371, 0.754237, 0.783034, 0.809644, 0.833991, 0.856063, 0.875903, 0.893592, 0.909267, 0.923081, 0.935217, 0.945842, 0.955139, 0.963268, 0.970371, 0.976558, 0.981946, 0.986574, 0.9905, 0.993748, 0.996324, 0.998226, 0.999441, 0.999993, 0.999834, 0.99899, 0.99747, 0.995267, 0.992413, 0.98889, 0.984702, 0.979829, 0.974226, 0.967816, 0.960513, 0.952192, 0.942704, 0.931895, 0.919578, 0.905581, 0.889732, 0.871879, 0.851895, 0.829697, 0.805242, 0.778548, 0.749688, 0.718788, 0.686035, 0.651672, 0.615977, 0.579273, 0.541907, 0.504236, 0.466627, 0.429433, 0.392993, 0.357618, 0.323584, 0.291126, 0.260437, 0.231665, 0.204908, 0.180228, 0.157638, 0.137121, 0.118624, 0.102068, 0.0873558, 0.0743709, 0.0629878, 0.0530739, 0.044495, 0.0371174, 0.0308114, 0.0254532, 0.0209268, 0.0171247, 0.0139485, 0.0113096, 0.00912881, 0.00733568, 0.00586876, 0.00467462, 0.00370727, 0.00292737, 0.00230158, 0.00180179, 0.00140448, 0.00109009, 0.000842448, 0.000648273, 0.000496713, 0.000378952, 0.000287867, 0.000217733, 0.000163974, 0.000122955, 9.17972e-05, 6.82371e-05, 5.05029e-05, 3.72144e-05, 2.73025e-05, 1.99428e-05, 1.45029e-05, 1.05005e-05, 7.56915e-06, 5.43201e-06, 3.88105e-06, 2.76064e-06, 1.95497e-06, 1.37827e-06, 9.67369e-07, 6.75947e-07, 4.70208e-07, 3.2563e-07, 2.24497e-07, 1.54081e-07, 1.05278e-07, 7.16095e-08, 4.84895e-08, 3.26862e-08, 2.19341e-08, 1.46525e-08
band15
767.5
762.301, 762.355, 762.411, 762.47, 762.529, 762.581, 762.635, 762.694, 762.754, 762.809, 762.862, 762.919, 762.978, 763.037, 763.089, 763.144, 763.202, 763.263, 763.316, 763.37, 763.427, 763.487, 763.544, 763.597, 763.652, 763.711, 763.772, 763.824, 763.878, 763.936, 763.995, 764.052, 764.105, 764.161, 764.219, 764.279, 764.332, 764.386, 764.444, 764.504, 764.559, 764.613, 764.669, 764.728, 764.787, 764.839, 764.894, 764.953, 765.013, 765.067, 765.121, 765.178, 765.237, 765.295, 765.347, 765.403, 765.461, 765.522, 765.575, 765.628, 765.686, 765.745, 765.802, 765.855, 765.911, 765.969, 766.03, 766.082, 766.136, 766.194, 766.254, 766.31, 766.363, 766.419, 766.478, 766.538, 766.59, 766.644, 766.703, 766.763, 766.818, 766.871, 766.928, 766.987, 767.045, 767.098, 767.153, 767.211, 767.272, 767.325, 767.379, 767.436, 767.495, 767.553, 767.606, 767.661, 767.719, 767.78, 767.833, 767.886, 767.945, 768.004, 768.061, 768.114, 768.17, 768.228, 768.288, 768.34, 768.394, 768.453, 768.513, 768.568, 768.621, 768.678, 768.737, 768.796, 768.848, 768.903, 768.961, 769.022, 769.076, 769.129, 769.186, 769.245, 769.304, 769.356, 769.411, 769.47, 769.53, 769.583, 769.637, 769.695, 769.754, 769.811, 769.864, 769.92, 769.978, 770.038, 770.091, 770.144, 770.203, 770.263, 770.319, 770.372, 770.428, 770.487, 770.547, 770.599, 770.653, 770.711, 770.771, 770.827, 770.88, 770.936, 770.995, 771.054, 771.106, 771.161, 771.22, 771.28, 771.334, 771.387, 771.445, 771.504, 771.562, 771.614, 771.67, 771.728, 771.788, 771.842, 771.895, 771.954, 772.013, 772.069, 772.122, 772.178, 772.237, 772.296, 772.349, 772.403, 772.462, 772.521, 772.577, 772.63, 772.687, 772.745, 772.805, 772.857, 772.911, 772.97, 773.03, 773.085, 773.138, 773.195, 773.254, 773.312, 773.364, 773.42, 773.479, 773.538
1.63832e-08, 2.35807e-08, 3.38149e-08, 4.83124e-08, 6.87711e-08, 9.75333e-08, 1.37817e-07, 1.94024e-07, 2.72153e-07, 3.80345e-07, 5.29605e-07, 7.34744e-07, 1.01563e-06, 1.39877e-06, 1.91943e-06, 2.62433e-06, 3.57506e-06, 4.85255e-06, 6.56264e-06, 8.84326e-06, 1.18734e-05, 1.58841e-05, 2.11732e-05, 2.81218e-05, 3.72166e-05, 4.90764e-05, 6.44837e-05, 8.44258e-05, 0.000110141, 0.00014318, 0.000185471, 0.000239405, 0.000307931, 0.000394678, 0.000504085, 0.00064156, 0.000813655, 0.00102829, 0.00129497, 0.00162508, 0.0020322, 0.00253238, 0.00314455, 0.00389093, 0.00479742, 0.00589406, 0.00721546, 0.00880133, 0.0106968, 0.012953, 0.0156273, 0.0187834, 0.022492, 0.0268303, 0.0318823, 0.0377378, 0.0444923, 0.0522463, 0.061103, 0.0711681, 0.0825467, 0.0953416, 0.109651, 0.125565, 0.143161, 0.162506, 0.183644, 0.206602, 0.23138, 0.257953, 0.286264, 0.316225, 0.347719, 0.38059, 0.414658, 0.44971, 0.485506, 0.521782, 0.558264, 0.594662, 0.63068, 0.666028, 0.70043, 0.733612, 0.765344, 0.795401, 0.823619, 0.849841, 0.873959, 0.895915, 0.91567, 0.933216, 0.948576, 0.961831, 0.972985, 0.982141, 0.989361, 0.994696, 0.998215, 0.999967, 0.999943, 0.998139, 0.994577, 0.989191, 0.98193, 0.972725, 0.961523, 0.948256, 0.932859, 0.91529, 0.895527, 0.873564, 0.849449, 0.823243, 0.795051, 0.765026, 0.733333, 0.700186, 0.665828, 0.630517, 0.594537, 0.558181, 0.521734, 0.485488, 0.449722, 0.414695, 0.380647, 0.347791, 0.316312, 0.28636, 0.258056, 0.231489, 0.206713, 0.183755, 0.162616, 0.143269, 0.125668, 0.10975, 0.0954347, 0.0826336, 0.0712485, 0.0611768, 0.0523133, 0.0445528, 0.0377918, 0.0319303, 0.0268727, 0.022529, 0.0188155, 0.015655, 0.0129768, 0.010717, 0.00881839, 0.00722978, 0.005906, 0.00480731, 0.00389908, 0.00315121, 0.0025378, 0.00203658, 0.0016286, 0.00129778, 0.00103053, 0.000815439, 0.000642976, 0.000505206, 0.000395559, 0.000308618, 0.000239936, 0.00018588, 0.000143492, 0.000110377, 8.46022e-05, 6.46151e-05, 4.91737e-05, 3.72886e-05, 2.81746e-05, 2.12119e-05, 1.59124e-05, 1.18939e-05, 8.85813e-06, 6.57338e-06, 4.86027e-06, 3.58059e-06, 2.62828e-06, 1.92224e-06, 1.40075e-06, 1.01702e-06, 7.35721e-07, 5.30284e-07, 3.80815e-07, 2.72477e-07, 1.94245e-07, 1.37968e-07, 9.76353e-08, 6.88395e-08, 4.8358e-08, 3.38452e-08, 2.36005e-08, 1.6396e-08
band16
778.75
767.317, 767.433, 767.557, 767.672, 767.798, 767.911, 768.037, 768.15, 768.276, 768.39, 768.514, 768.629, 768.753, 768.869, 768.991, 769.109, 769.229, 769.349, 769.468, 769.589, 769.707, 769.829, 769.946, 770.069, 770.185, 770.309, 770.423, 770.549, 770.662, 770.788, 770.901, 771.026, 771.141, 771.265, 771.381, 771.504, 771.62, 771.742, 771.86, 771.981, 772.1, 772.22, 772.34, 772.458, 772.58, 772.697, 772.82, 772.936, 773.06, 773.175, 773.3, 773.413, 773.538, 773.652, 773.777, 773.892, 774.016, 774.132, 774.254, 774.371, 774.493, 774.612, 774.732, 774.852, 774.971, 775.092, 775.21, 775.332, 775.448, 775.572, 775.687, 775.811, 775.926, 776.05, 776.165, 776.289, 776.403, 776.528, 776.643, 776.767, 776.883, 777.005, 777.123, 777.244, 777.363, 777.483, 777.603, 777.722, 777.843, 777.961, 778.083, 778.2, 778.323, 778.439, 778.562, 778.677, 778.801, 778.916, 779.04, 779.154, 779.279, 779.394, 779.518, 779.634, 779.756, 779.874, 779.995, 780.114, 780.234, 780.355, 780.474, 780.595, 780.713, 780.835, 780.951, 781.075, 781.19, 781.313, 781.428, 781.552, 781.667, 781.791, 781.906, 782.03, 782.145, 782.268, 782.385, 782.507, 782.626, 782.746, 782.866, 782.986, 783.106, 783.225, 783.346, 783.464, 783.586, 783.703, 783.826, 783.941, 784.064, 784.179, 784.303, 784.418, 784.542, 784.657, 784.781, 784.896, 785.02, 785.137, 785.258, 785.377, 785.497, 785.617, 785.737, 785.857, 785.976, 786.098, 786.215, 786.338, 786.454, 786.576, 786.692, 786.815, 786.931, 787.054, 787.169, 787.293, 787.408, 787.532, 787.648, 787.771, 787.888, 788.01, 788.128, 788.249, 788.369, 788.488, 788.609, 788.727, 788.849, 788.967, 789.089, 789.205, 789.327, 789.443, 789.566, 789.682, 789.805, 789.921, 790.044, 790.159, 790.283, 790.399, 790.522, 790.639, 790.761, 790.88, 791.0, 791.12
1.3091e-08, 2.83041e-08, 6.01928e-08, 1.2591e-07, 2.59059e-07, 5.24292e-07, 1.04375e-06, 2.04399e-06, 3.93771e-06, 7.46384e-06, 1.39208e-05, 2.55475e-05, 4.61344e-05, 8.19802e-05, 0.000143357, 0.000246706, 0.000417845, 0.000696544, 0.00114287, 0.00184568, 0.00293368, 0.00458908, 0.00706363, 0.0106961, 0.0159292, 0.0233227, 0.0335581, 0.0474294, 0.065814, 0.0896164, 0.119685, 0.156701, 0.201054, 0.252711, 0.311112, 0.375117, 0.44302, 0.512651, 0.581586, 0.647377, 0.707852, 0.761371, 0.807001, 0.844565, 0.874585, 0.898094, 0.916364, 0.930651, 0.941984, 0.951047, 0.958196, 0.963562, 0.967197, 0.969241, 0.969997, 0.969944, 0.969647, 0.969615, 0.970192, 0.971438, 0.973147, 0.974921, 0.976337, 0.977067, 0.977028, 0.976398, 0.975553, 0.974939, 0.974931, 0.975689, 0.977118, 0.978864, 0.980492, 0.981593, 0.981936, 0.981559, 0.980747, 0.979936, 0.979567, 0.979913, 0.981021, 0.982654, 0.984408, 0.98583, 0.986573, 0.986538, 0.985901, 0.985018, 0.984353, 0.984296, 0.985023, 0.98643, 0.988185, 0.989822, 0.990933, 0.991292, 0.990925, 0.990126, 0.989354, 0.989057, 0.98953, 0.990788, 0.992616, 0.994599, 0.996272, 0.997274, 0.997483, 0.997034, 0.996255, 0.995594, 0.995422, 0.995888, 0.996934, 0.998233, 0.999377, 0.999986, 0.999819, 0.998927, 0.997617, 0.996304, 0.995395, 0.995175, 0.995673, 0.996662, 0.997743, 0.998487, 0.99858, 0.997929, 0.996715, 0.995303, 0.99414, 0.993572, 0.993747, 0.99455, 0.99564, 0.99658, 0.996983, 0.996646, 0.995621, 0.994203, 0.992803, 0.991819, 0.991471, 0.991722, 0.992253, 0.992564, 0.992086, 0.990318, 0.986942, 0.981785, 0.974767, 0.965733, 0.954303, 0.939771, 0.921077, 0.896933, 0.866043, 0.827362, 0.780366, 0.725246, 0.66298, 0.595275, 0.524374, 0.452803, 0.383071, 0.317402, 0.257544, 0.204659, 0.159308, 0.12151, 0.090851, 0.0666183, 0.0479316, 0.0338559, 0.023488, 0.0160125, 0.0107313, 0.00707256, 0.00458519, 0.00292472, 0.00183578, 0.00113398, 0.000689356, 0.000412418, 0.00024281, 0.00014067, 8.01892e-05, 4.49752e-05, 2.48165e-05, 1.34705e-05, 7.1925e-06, 3.77744e-06, 1.95126e-06, 9.91342e-07, 4.95337e-07, 2.434e-07, 1.17614e-07, 5.58853e-08, 2.61109e-08, 1.19954e-08
band17
865.0
851.2, 851.345, 851.492, 851.633, 851.781, 851.921, 852.069, 852.213, 852.357, 852.504, 852.644, 852.793, 852.934, 853.081, 853.226, 853.368, 853.517, 853.656, 853.805, 853.947, 854.093, 854.238, 854.38, 854.529, 854.668, 854.816, 854.96, 855.104, 855.251, 855.392, 855.541, 855.681, 855.828, 855.973, 856.116, 856.264, 856.403, 856.552, 856.694, 856.84, 856.985, 857.127, 857.276, 857.415, 857.564, 857.707, 857.851, 857.998, 858.139, 858.288, 858.428, 858.575, 858.72, 858.863, 859.01, 859.151, 859.3, 859.441, 859.587, 859.732, 859.875, 860.023, 860.162, 860.312, 860.454, 860.599, 860.745, 860.886, 861.036, 861.175, 861.323, 861.467, 861.61, 861.757, 861.898, 862.047, 862.188, 862.335, 862.479, 862.622, 862.77, 862.909, 863.059, 863.201, 863.347, 863.492, 863.634, 863.783, 863.922, 864.071, 864.214, 864.358, 864.504, 864.645, 864.795, 864.935, 865.082, 865.226, 865.369, 865.517, 865.657, 865.807, 865.948, 866.094, 866.239, 866.381, 866.529, 866.669, 866.818, 866.961, 867.105, 867.251, 867.392, 867.542, 867.682, 867.83, 867.973, 868.117, 868.263, 868.404, 868.554, 868.695, 868.842, 868.986, 869.128, 869.276, 869.417, 869.566, 869.708, 869.853, 869.998, 870.14, 870.289, 870.43, 870.577, 870.721, 870.865, 871.01, 871.151, 871.301, 871.442, 871.589, 871.733, 871.876, 872.023, 872.164, 872.313, 872.455, 872.601, 872.745, 872.887, 873.036, 873.177, 873.325, 873.468, 873.612, 873.758, 873.899, 874.048, 874.189, 874.337, 874.48, 874.624, 874.77, 874.911, 875.06, 875.202, 875.348, 875.492, 875.635, 875.782, 875.924, 876.072, 876.215, 876.36, 876.505, 876.646, 876.795, 876.936, 877.084, 877.227, 877.371, 877.517, 877.658, 877.807, 877.949, 878.096, 878.24, 878.383, 878.529, 878.671, 878.819, 878.962, 879.107, 879.252, 879.394, 879.542, 879.684, 879.831, 879.974
9.18551e-09, 2.39541e-08, 6.08517e-08, 1.50602e-07, 3.6317e-07, 8.53438e-07, 1.95473e-06, 4.36446e-06, 9.50142e-06, 2.01726e-05, 4.17788e-05, 8.44282e-05, 0.000166525, 0.000320671, 0.000603035, 0.00110772, 0.00198786, 0.00348517, 0.00596892, 0.0099833, 0.0162985, 0.0259549, 0.0402832, 0.0608746, 0.0894755, 0.127783, 0.177138, 0.238158, 0.31036, 0.391904, 0.479564, 0.568999, 0.655355, 0.734055, 0.80164, 0.856326, 0.898211, 0.92895, 0.951063, 0.967127, 0.979114, 0.988077, 0.994333, 0.997866, 0.99884, 0.997898, 0.996104, 0.994603, 0.994165, 0.994904, 0.996269, 0.997342, 0.997308, 0.995926, 0.993617, 0.991254, 0.989756, 0.989585, 0.990544, 0.991867, 0.992592, 0.992083, 0.990296, 0.987864, 0.985711, 0.984648, 0.984919, 0.986104, 0.987323, 0.987668, 0.986684, 0.984588, 0.982136, 0.980298, 0.979699, 0.980361, 0.981664, 0.982667, 0.982578, 0.98115, 0.978837, 0.976497, 0.975039, 0.974906, 0.97588, 0.977186, 0.977881, 0.977325, 0.975514, 0.973074, 0.970941, 0.969891, 0.970141, 0.971265, 0.972374, 0.972572, 0.971428, 0.969174, 0.966605, 0.964657, 0.963956, 0.964496, 0.965635, 0.966442, 0.966147, 0.964536, 0.962061, 0.959602, 0.958043, 0.957805, 0.958652, 0.959798, 0.960305, 0.959569, 0.957595, 0.955027, 0.952804, 0.951688, 0.951881, 0.952933, 0.953952, 0.954069, 0.952869, 0.950601, 0.948049, 0.946143, 0.945487, 0.946051, 0.947194, 0.947982, 0.947657, 0.946031, 0.94356, 0.941138, 0.939625, 0.939423, 0.940276, 0.941396, 0.941859, 0.941074, 0.939077, 0.936521, 0.934328, 0.933254, 0.93347, 0.934514, 0.935495, 0.935557, 0.934301, 0.93199, 0.929402, 0.927432, 0.926619, 0.926852, 0.927366, 0.927059, 0.924927, 0.920393, 0.913344, 0.903851, 0.891683, 0.875884, 0.85463, 0.825514, 0.786176, 0.735079, 0.67216, 0.599106, 0.519175, 0.436636, 0.355986, 0.281209, 0.215227, 0.159663, 0.114883, 0.0802516, 0.0544842, 0.0359919, 0.0231606, 0.0145333, 0.00890084, 0.00532426, 0.0031121, 0.00177799, 0.000992906, 0.000541929, 0.000289021, 0.000150569, 7.65955e-05, 3.80346e-05, 1.84294e-05, 8.71079e-06, 4.01508e-06, 1.80432e-06, 7.90338e-07, 3.37377e-07, 1.40329e-07, 5.68653e-08, 2.24471e-08, 8.63063e-09
band18
885.0
874.981, 875.076, 875.167, 875.264, 875.358, 875.451, 875.547, 875.638, 875.735, 875.831, 875.921, 876.018, 876.112, 876.206, 876.302, 876.392, 876.489, 876.585, 876.676, 876.773, 876.866, 876.96, 877.056, 877.146, 877.244, 877.339, 877.43, 877.527, 877.62, 877.714, 877.81, 877.9, 877.998, 878.093, 878.185, 878.281, 878.374, 878.469, 878.564, 878.655, 878.752, 878.847, 878.939, 879.035, 879.128, 879.223, 879.318, 879.409, 879.506, 879.601, 879.693, 879.789, 879.881, 879.977, 880.072, 880.163, 880.261, 880.355, 880.448, 880.543, 880.635, 880.732, 880.827, 880.918, 881.015, 881.109, 881.202, 881.298, 881.389, 881.486, 881.581, 881.672, 881.769, 881.863, 881.956, 882.052, 882.143, 882.24, 882.335, 882.427, 882.523, 882.617, 882.711, 882.806, 882.898, 882.994, 883.089, 883.181, 883.278, 883.371, 883.465, 883.56, 883.652, 883.749, 883.843, 883.935, 884.032, 884.125, 884.219, 884.314, 884.406, 884.503, 884.597, 884.69, 884.786, 884.879, 884.974, 885.068, 885.161, 885.257, 885.352, 885.444, 885.54, 885.632, 885.728, 885.822, 885.915, 886.011, 886.106, 886.198, 886.294, 886.386, 886.482, 886.577, 886.669, 886.765, 886.86, 886.953, 887.048, 887.14, 887.236, 887.331, 887.424, 887.52, 887.614, 887.707, 887.802, 887.895, 887.991, 888.085, 888.178, 888.274, 888.368, 888.462, 888.556, 888.649, 888.745, 888.839, 888.932, 889.028, 889.122, 889.216, 889.31, 889.404, 889.499, 889.594, 889.686, 889.783, 889.876, 889.97, 890.064, 890.158, 890.254, 890.348, 890.441, 890.537, 890.63, 890.725, 890.819, 890.912, 891.008, 891.102, 891.195, 891.291, 891.383, 891.479, 891.573, 891.667, 891.762, 891.856, 891.949, 892.045, 892.137, 892.233, 892.327, 892.421, 892.516, 892.61, 892.704, 892.799, 892.891, 892.987, 893.081, 893.175, 893.27, 893.364, 893.458, 893.553, 893.646, 893.742
1.02176e-08, 1.90716e-08, 3.52018e-08, 6.4253e-08, 1.1598e-07, 2.07037e-07, 3.65515e-07, 6.3822e-07, 1.10221e-06, 1.8828e-06, 3.18139e-06, 5.31774e-06, 8.79348e-06, 1.43863e-05, 2.32879e-05, 3.73024e-05, 5.91303e-05, 9.27673e-05, 0.000144056, 0.000221446, 0.000337016, 0.000507835, 0.000757749, 0.00111968, 0.00163856, 0.0023749, 0.00340919, 0.004847, 0.00682475, 0.00951591, 0.0131372, 0.0179544, 0.024286, 0.0325047, 0.0430348, 0.0563431, 0.072924, 0.093275, 0.117864, 0.147092, 0.181242, 0.220435, 0.264586, 0.313364, 0.366172, 0.422151, 0.480207, 0.539056, 0.597322, 0.653615, 0.706644, 0.755324, 0.798861, 0.836787, 0.869008, 0.895775, 0.917586, 0.935146, 0.949234, 0.960611, 0.969911, 0.977627, 0.984049, 0.989323, 0.993459, 0.996431, 0.998225, 0.998887, 0.998587, 0.997569, 0.996175, 0.99475, 0.993602, 0.992953, 0.992875, 0.993319, 0.994084, 0.994914, 0.995516, 0.995645, 0.995164, 0.994073, 0.992487, 0.990644, 0.988837, 0.987337, 0.986366, 0.986021, 0.986253, 0.986899, 0.987702, 0.988363, 0.988626, 0.988314, 0.987377, 0.985907, 0.984107, 0.98226, 0.980649, 0.979513, 0.97898, 0.97905, 0.97959, 0.980359, 0.981067, 0.981444, 0.981291, 0.980532, 0.979208, 0.97749, 0.975629, 0.973913, 0.972605, 0.971874, 0.971751, 0.972143, 0.972834, 0.973546, 0.974001, 0.973963, 0.97331, 0.972056, 0.970347, 0.968413, 0.966547, 0.965014, 0.963986, 0.96353, 0.96356, 0.963866, 0.964126, 0.964019, 0.963205, 0.961449, 0.958608, 0.954632, 0.949544, 0.943397, 0.936177, 0.927763, 0.917875, 0.906054, 0.891683, 0.87404, 0.852385, 0.826056, 0.794568, 0.757712, 0.715592, 0.668662, 0.617702, 0.563759, 0.508069, 0.451958, 0.396738, 0.343613, 0.293612, 0.247528, 0.205908, 0.16904, 0.136985, 0.109608, 0.0866226, 0.0676364, 0.0521963, 0.0398255, 0.0300533, 0.0224374, 0.0165781, 0.0121252, 0.00878087, 0.00629733, 0.00447309, 0.00314723, 0.00219351, 0.00151442, 0.00103569, 0.00070157, 0.000470687, 0.000312732, 0.000205751, 0.000134027, 8.64314e-05, 5.51733e-05, 3.48593e-05, 2.17968e-05, 1.34868e-05, 8.25711e-06, 5.00167e-06, 2.99735e-06, 1.77692e-06, 1.04202e-06, 6.04427e-07, 3.46777e-07, 1.96777e-07, 1.10434e-07, 6.1294e-08, 3.36443e-08, 1.82629e-08, 9.80352e-09
band19
900.0
890.0, 890.093, 890.186, 890.282, 890.375, 890.47, 890.564, 890.658, 890.754, 890.847, 890.941, 891.036, 891.129, 891.224, 891.318, 891.412, 891.507, 891.601, 891.695, 891.791, 891.883, 891.979, 892.072, 892.167, 892.262, 892.355, 892.449, 892.544, 892.637, 892.733, 892.826, 892.921, 893.016, 893.109, 893.203, 893.298, 893.391, 893.487, 893.58, 893.675, 893.77, 893.863, 893.957, 894.052, 894.145, 894.241, 894.334, 894.429, 894.524, 894.617, 894.712, 894.806, 894.9, 894.995, 895.089, 895.183, 895.278, 895.371, 895.466, 895.56, 895.654, 895.749, 895.843, 895.937, 896.032, 896.125, 896.22, 896.314, 896.408, 896.503, 896.597, 896.691, 896.786, 896.879, 896.974, 897.068, 897.163, 897.257, 897.351, 897.445, 897.54, 897.632, 897.728, 897.822, 897.917, 898.011, 898.105, 898.199, 898.294, 898.386, 898.483, 898.576, 898.671, 898.766, 898.859, 898.954, 899.048, 899.14, 899.237, 899.33, 899.425, 899.519, 899.613, 899.708, 899.802, 899.895, 899.991, 900.084, 900.179, 900.273, 900.367, 900.462, 900.556, 900.649, 900.745, 900.838, 900.933, 901.028, 901.12, 901.216, 901.31, 901.404, 901.499, 901.592, 901.687, 901.782, 901.874, 901.97, 902.064, 902.158, 902.253, 902.346, 902.442, 902.536, 902.628, 902.725, 902.818, 902.912, 903.007, 903.1, 903.196, 903.29, 903.382, 903.479, 903.572, 903.667, 903.761, 903.854, 903.95, 904.044, 904.136, 904.233, 904.326, 904.421, 904.515, 904.608, 904.704, 904.798, 904.89, 904.987, 905.08, 905.175, 905.269, 905.362, 905.458, 905.552, 905.644, 905.741, 905.834, 905.93, 906.024, 906.116, 906.213, 906.306, 906.399, 906.495, 906.588, 906.684, 906.778, 906.87, 906.967, 907.06, 907.153, 907.249, 907.342, 907.438, 907.532, 907.624, 907.721, 907.814, 907.907, 908.003, 908.096, 908.192, 908.286, 908.378, 908.475, 908.568, 908.662, 908.757
1.21022e-08, 2.2445e-08, 4.11669e-08, 7.46718e-08, 1.33953e-07, 2.37658e-07, 4.17029e-07, 7.23782e-07, 1.24249e-06, 2.10981e-06, 3.54386e-06, 5.88874e-06, 9.68061e-06, 1.57454e-05, 2.53402e-05, 4.03564e-05, 6.36065e-05, 9.92263e-05, 0.000153228, 0.000234257, 0.0003546, 0.000531544, 0.000789117, 0.00116037, 0.00169025, 0.00243911, 0.00348706, 0.00493902, 0.00693043, 0.00963349, 0.0132635, 0.0180844, 0.0244133, 0.032622, 0.0431341, 0.056418, 0.0729699, 0.093292, 0.117859, 0.147078, 0.181242, 0.220483, 0.264719, 0.313626, 0.366608, 0.422802, 0.481102, 0.540214, 0.598739, 0.655265, 0.708485, 0.757296, 0.800886, 0.838795, 0.870931, 0.897544, 0.919172, 0.936528, 0.950419, 0.961611, 0.970764, 0.978366, 0.984708, 0.98992, 0.993992, 0.996888, 0.998588, 0.999127, 0.998668, 0.997482, 0.9959, 0.994301, 0.992981, 0.992189, 0.992007, 0.992363, 0.993062, 0.993819, 0.994342, 0.99438, 0.99377, 0.992526, 0.990763, 0.98873, 0.98673, 0.985056, 0.983934, 0.983459, 0.983597, 0.984164, 0.984898, 0.985484, 0.985657, 0.985226, 0.984137, 0.982496, 0.980515, 0.978476, 0.976685, 0.975391, 0.974731, 0.974701, 0.975162, 0.97587, 0.976512, 0.976803, 0.976525, 0.975575, 0.974016, 0.972052, 0.969955, 0.968029, 0.966533, 0.965642, 0.965394, 0.965688, 0.966303, 0.966943, 0.9673, 0.967149, 0.966353, 0.964942, 0.963047, 0.96092, 0.958859, 0.95713, 0.955929, 0.955314, 0.955197, 0.955359, 0.955484, 0.95522, 0.954239, 0.952293, 0.949242, 0.945044, 0.93974, 0.933385, 0.925993, 0.917448, 0.907482, 0.895642, 0.881313, 0.86376, 0.842248, 0.816105, 0.784846, 0.748251, 0.706433, 0.659843, 0.609268, 0.55576, 0.500555, 0.444977, 0.390335, 0.337823, 0.288457, 0.243015, 0.202027, 0.165767, 0.134279, 0.107419, 0.0848913, 0.0663003, 0.0511922, 0.0390927, 0.0295359, 0.0220863, 0.0163512, 0.0119881, 0.00870613, 0.00626396, 0.00446555, 0.00315453, 0.00220818, 0.00153167, 0.00105269, 0.000716802, 0.000483518, 0.000323059, 0.000213771, 0.000140072, 9.08721e-05, 5.83615e-05, 3.7101e-05, 2.33431e-05, 1.45344e-05, 8.95496e-06, 5.45909e-06, 3.29257e-06, 1.96463e-06, 1.15967e-06, 6.77135e-07, 3.91097e-07, 2.23433e-07, 1.26256e-07, 7.05646e-08, 3.9007e-08, 2.13261e-08, 1.15316e-08
band2
412.5
402.532, 402.627, 402.721, 402.815, 402.908, 403.002, 403.096, 403.19, 403.283, 403.377, 403.471, 403.565, 403.658, 403.753, 403.847, 403.94, 404.033, 404.128, 404.222, 404.315, 404.409, 404.503, 404.597, 404.691, 404.784, 404.878, 404.972, 405.066, 405.159, 405.253, 405.348, 405.441, 405.534, 405.629, 405.723, 405.816, 405.909, 406.004, 406.098, 406.191, 406.285, 406.379, 406.473, 406.566, 406.66, 406.754, 406.849, 406.942, 407.035, 407.13, 407.224, 407.317, 407.41, 407.505, 407.599, 407.692, 407.786, 407.88, 407.974, 408.067, 408.161, 408.255, 408.349, 408.442, 408.536, 408.631, 408.725, 408.818, 408.911, 409.006, 409.1, 409.193, 409.286, 409.381, 409.475, 409.568, 409.662, 409.756, 409.85, 409.943, 410.037, 410.132, 410.225, 410.318, 410.412, 410.507, 410.6, 410.694, 410.787, 410.882, 410.975, 411.069, 411.163, 411.257, 411.351, 411.444, 411.538, 411.633, 411.726, 411.819, 411.913, 412.008, 412.101, 412.194, 412.288, 412.383, 412.476, 412.57, 412.664, 412.758, 412.851, 412.945, 413.039, 413.133, 413.227, 413.32, 413.414, 413.508, 413.602, 413.695, 413.789, 413.884, 413.977, 414.07, 414.165, 414.259, 414.352, 414.446, 414.54, 414.634, 414.727, 414.821, 414.915, 415.009, 415.103, 415.196, 415.291, 415.384, 415.478, 415.571, 415.666, 415.759, 415.853, 415.946, 416.041, 416.135, 416.228, 416.322, 416.416, 416.51, 416.604, 416.697, 416.792, 416.885, 416.979, 417.072, 417.167, 417.26, 417.354, 417.448, 417.542, 417.635, 417.729, 417.823, 417.917, 418.011, 418.104, 418.198, 418.292, 418.386, 418.48, 418.573, 418.668, 418.761, 418.855, 418.948, 419.043, 419.136, 419.23, 419.324, 419.418, 419.511, 419.605, 419.699, 419.793, 419.887, 419.98, 420.074, 420.168, 420.262, 420.356, 420.449, 420.543, 420.637, 420.731, 420.825, 420.919, 421.012, 421.106, 421.2
8.55265e-08, 1.45391e-07, 2.44935e-07, 4.08934e-07, 6.76637e-07, 1.10961e-06, 1.80349e-06, 2.9054e-06, 4.63943e-06, 7.34372e-06, 1.15236e-05, 1.79271e-05, 2.76513e-05, 4.22903e-05, 6.41397e-05, 9.64759e-05, 0.000143933, 0.000213009, 0.000312738, 0.000455563, 0.000658482, 0.000944489, 0.00134441, 0.00189916, 0.00266246, 0.00370408, 0.00511356, 0.00700422, 0.00951752, 0.0128273, 0.0171433, 0.0227137, 0.0298261, 0.0388053, 0.0500075, 0.0638108, 0.0806, 0.100747, 0.124585, 0.152371, 0.184262, 0.220287, 0.260322, 0.304064, 0.351033, 0.400572, 0.451881, 0.504044, 0.55608, 0.606992, 0.655831, 0.701766, 0.744125, 0.782443, 0.816481, 0.846211, 0.871782, 0.893507, 0.911785, 0.927059, 0.939767, 0.950302, 0.958999, 0.966116, 0.971858, 0.976394, 0.979863, 0.982406, 0.984183, 0.985366, 0.986141, 0.986688, 0.987166, 0.987696, 0.988337, 0.989102, 0.989947, 0.99079, 0.991542, 0.99212, 0.992477, 0.992612, 0.992557, 0.992396, 0.992233, 0.992165, 0.992273, 0.992592, 0.993113, 0.993782, 0.99451, 0.995195, 0.995741, 0.996083, 0.996205, 0.99613, 0.995935, 0.995714, 0.995567, 0.995577, 0.99579, 0.996208, 0.996774, 0.997382, 0.99789, 0.998197, 0.998234, 0.997957, 0.997391, 0.996593, 0.995653, 0.994709, 0.993857, 0.993148, 0.992575, 0.992094, 0.991619, 0.991044, 0.990292, 0.989294, 0.988013, 0.98648, 0.984765, 0.982963, 0.981172, 0.97948, 0.977926, 0.9765, 0.975134, 0.973724, 0.972112, 0.970118, 0.967555, 0.964258, 0.96007, 0.954852, 0.948468, 0.940755, 0.931519, 0.920506, 0.907394, 0.891804, 0.873317, 0.851515, 0.826017, 0.796539, 0.762934, 0.725239, 0.683694, 0.638743, 0.591029, 0.54135, 0.490612, 0.439782, 0.389808, 0.341581, 0.29588, 0.253334, 0.214404, 0.179372, 0.148358, 0.121329, 0.0981305, 0.0785096, 0.0621483, 0.04869, 0.0377642, 0.0290059, 0.0220697, 0.0166393, 0.0124345, 0.00921267, 0.00676882, 0.00493282, 0.00356614, 0.00255785, 0.00182037, 0.00128552, 0.000900807, 0.000626349, 0.000432129, 0.000295797, 0.000200872, 0.000135318, 9.04172e-05, 5.9919e-05, 3.93774e-05, 2.566e-05, 1.65786e-05, 1.06189e-05, 6.74241e-06, 4.24346e-06, 2.64707e-06, 1.63654e-06, 1.00272e-06, 6.08841e-07, 3.66341e-07, 2.18428e-07, 1.29051e-07, 7.55498e-08
band20
940.0
925.022, 925.169, 925.313, 925.455, 925.603, 925.746, 925.893, 926.035, 926.181, 926.326, 926.468, 926.615, 926.759, 926.906, 927.049, 927.193, 927.339, 927.482, 927.629, 927.772, 927.918, 928.062, 928.205, 928.352, 928.495, 928.642, 928.785, 928.93, 929.076, 929.218, 929.365, 929.508, 929.655, 929.798, 929.943, 930.089, 930.232, 930.378, 930.521, 930.667, 930.811, 930.954, 931.102, 931.245, 931.391, 931.534, 931.679, 931.825, 931.968, 932.115, 932.258, 932.404, 932.547, 932.692, 932.838, 932.981, 933.127, 933.271, 933.417, 933.561, 933.703, 933.851, 933.995, 934.14, 934.284, 934.429, 934.574, 934.717, 934.864, 935.008, 935.153, 935.297, 935.441, 935.587, 935.731, 935.877, 936.02, 936.166, 936.31, 936.453, 936.6, 936.745, 936.89, 937.034, 937.178, 937.324, 937.467, 937.613, 937.758, 937.902, 938.047, 938.19, 938.337, 938.481, 938.626, 938.77, 938.915, 939.06, 939.203, 939.35, 939.494, 939.639, 939.783, 939.927, 940.073, 940.217, 940.362, 940.507, 940.652, 940.796, 940.939, 941.086, 941.23, 941.376, 941.52, 941.664, 941.809, 941.952, 942.099, 942.244, 942.388, 942.533, 942.676, 942.823, 942.966, 943.112, 943.257, 943.401, 943.546, 943.688, 943.836, 943.98, 944.125, 944.269, 944.413, 944.559, 944.701, 944.848, 944.994, 945.138, 945.282, 945.425, 945.572, 945.716, 945.861, 946.007, 946.15, 946.295, 946.437, 946.585, 946.729, 946.874, 947.019, 947.163, 947.308, 947.451, 947.598, 947.743, 947.887, 948.032, 948.174, 948.322, 948.465, 948.611, 948.756, 948.9, 949.045, 949.187, 949.335, 949.479, 949.623, 949.768, 949.912, 950.058, 950.201, 950.348, 950.492, 950.636, 950.781, 950.924, 951.071, 951.215, 951.36, 951.505, 951.649, 951.794, 951.936, 952.084, 952.228, 952.373, 952.517, 952.662, 952.808, 952.95, 953.097, 953.241, 953.386, 953.531, 953.673, 953.821
2.28749e-08, 5.66541e-08, 1.3683e-07, 3.22266e-07, 7.40175e-07, 1.65791e-06, 3.62177e-06, 7.71716e-06, 1.60413e-05, 3.25353e-05, 6.4407e-05, 0.00012449, 0.000235053, 0.000433774, 0.000782897, 0.00138289, 0.00239222, 0.00405509, 0.00673857, 0.0109789, 0.0175344, 0.0274349, 0.0420121, 0.0628829, 0.0918559, 0.13073, 0.180978, 0.243334, 0.31738, 0.401223, 0.49143, 0.583317, 0.671606, 0.751331, 0.818788, 0.872216, 0.911979, 0.940172, 0.959799, 0.973773, 0.984166, 0.991892, 0.996996, 0.999167, 0.998447, 0.995522, 0.99168, 0.988312, 0.986363, 0.985913, 0.986221, 0.986114, 0.984599, 0.981387, 0.977038, 0.972674, 0.969422, 0.967846, 0.967667, 0.967899, 0.967355, 0.96524, 0.961563, 0.957112, 0.953068, 0.950408, 0.949396, 0.949484, 0.94956, 0.948525, 0.945852, 0.941829, 0.937437, 0.933832, 0.931775, 0.931243, 0.931449, 0.931237, 0.929664, 0.92648, 0.922249, 0.918056, 0.91497, 0.913498, 0.913334, 0.913514, 0.912906, 0.910781, 0.907173, 0.90287, 0.899003, 0.896486, 0.895547, 0.895622, 0.895638, 0.894555, 0.891894, 0.887979, 0.883767, 0.88037, 0.878491, 0.878076, 0.878337, 0.878162, 0.876711, 0.873798, 0.870007, 0.866402, 0.863973, 0.863133, 0.863524, 0.864191, 0.864067, 0.862469, 0.859484, 0.855899, 0.852828, 0.85114, 0.851024, 0.851903, 0.852711, 0.852425, 0.850585, 0.847521, 0.844178, 0.841645, 0.840604, 0.840989, 0.842016, 0.842583, 0.84182, 0.839526, 0.83627, 0.833104, 0.831031, 0.83051, 0.831211, 0.832196, 0.832383, 0.831096, 0.828393, 0.825054, 0.822168, 0.8206, 0.820547, 0.821449, 0.82226, 0.821985, 0.820164, 0.81711, 0.813744, 0.811109, 0.809841, 0.809819, 0.810181, 0.809699, 0.807294, 0.802437, 0.795211, 0.785994, 0.774893, 0.76124, 0.743392, 0.718996, 0.685635, 0.641651, 0.586818, 0.522639, 0.452153, 0.379358, 0.308429, 0.242992, 0.185619, 0.137638, 0.0992224, 0.0696676, 0.0477363, 0.0319813, 0.0209856, 0.0135057, 0.00853258, 0.00529408, 0.0032257, 0.00192928, 0.00113188, 0.000650856, 0.000366502, 0.00020194, 0.000108799, 5.72839e-05, 2.94611e-05, 1.47954e-05, 7.25375e-06, 3.47128e-06, 1.6213e-06, 7.39039e-07, 3.28767e-07, 1.42736e-07, 6.04797e-08, 2.50108e-08
band21
1020.0
995.07, 995.315, 995.56, 995.806, 996.051, 996.296, 996.541, 996.786, 997.031, 997.276, 997.52, 997.765, 998.01, 998.254, 998.498, 998.743, 998.987, 999.231, 999.475, 999.719, 999.963, 1000.21, 1000.45, 1000.69, 1000.94, 1001.19, 1001.43, 1001.68, 1001.92, 1002.17, 1002.41, 1002.66, 1002.9, 1003.15, 1003.39, 1003.64, 1003.88, 1004.13, 1004.37, 1004.61, 1004.86, 1005.1, 1005.35, 1005.59, 1005.84, 1006.08, 1006.33, 1006.57, 1006.82, 1007.06, 1007.31, 1007.55, 1007.8, 1008.04, 1008.29, 1008.53, 1008.78, 1009.02, 1009.27, 1009.51, 1009.75, 1010.0, 1010.24, 1010.49, 1010.73, 1010.97, 1011.21, 1011.46, 1011.7, 1011.95, 1012.2, 1012.44, 1012.69, 1012.93, 1013.18, 1013.42, 1013.67, 1013.91, 1014.16, 1014.4, 1014.65, 1014.89, 1015.14, 1015.38, 1015.62, 1015.87, 1016.11, 1016.36, 1016.6, 1016.85, 1017.09, 1017.34, 1017.58, 1017.83, 1018.07, 1018.32, 1018.56, 1018.81, 1019.05, 1019.3, 1019.54, 1019.79, 1020.03, 1020.28, 1020.52, 1020.77, 1021.01, 1021.26, 1021.5, 1021.74, 1021.98, 1022.22, 1022.47, 1022.71, 1022.96, 1023.21, 1023.45, 1023.7, 1023.94, 1024.19, 1024.43, 1024.68, 1024.92, 1025.17, 1025.41, 1025.66, 1025.9, 1026.15, 1026.39, 1026.63, 1026.88, 1027.12, 1027.37, 1027.61, 1027.86, 1028.1, 1028.35, 1028.59, 1028.84, 1029.08, 1029.33, 1029.57, 1029.82, 1030.06, 1030.31, 1030.55, 1030.8, 1031.04, 1031.29, 1031.53, 1031.78, 1032.02, 1032.27, 1032.51, 1032.76, 1033.0, 1033.24, 1033.48, 1033.72, 1033.97, 1034.22, 1034.46, 1034.71, 1034.95, 1035.2, 1035.44, 1035.69, 1035.93, 1036.18, 1036.42, 1036.67, 1036.91, 1037.16, 1037.4, 1037.65, 1037.89, 1038.14, 1038.38, 1038.63, 1038.87, 1039.11, 1039.36, 1039.6, 1039.85, 1040.09, 1040.34, 1040.58, 1040.83, 1041.08, 1041.32, 1041.57, 1041.81, 1042.06, 1042.3, 1042.54, 1042.79, 1043.03, 1043.28, 1043.52, 1043.77
2.16609e-07, 7.9821e-07, 2.76477e-06, 8.9985e-06, 2.75133e-05, 7.90154e-05, 0.000213173, 0.000540604, 0.00129075, 0.00291048, 0.00622917, 0.0127402, 0.0250729, 0.0476655, 0.0873242, 0.152704, 0.251335, 0.383901, 0.538669, 0.691822, 0.817206, 0.900585, 0.94665, 0.971577, 0.988021, 0.997606, 0.997106, 0.988646, 0.980475, 0.978026, 0.977877, 0.972977, 0.962387, 0.952609, 0.948985, 0.948617, 0.944304, 0.934155, 0.924064, 0.919799, 0.919344, 0.915648, 0.906034, 0.895719, 0.890813, 0.890191, 0.887055, 0.878016, 0.867565, 0.862035, 0.861172, 0.85853, 0.850094, 0.839592, 0.833466, 0.832295, 0.830073, 0.82226, 0.811791, 0.80511, 0.80357, 0.80169, 0.794508, 0.784156, 0.776964, 0.775005, 0.773391, 0.766835, 0.756675, 0.749024, 0.746607, 0.74518, 0.739236, 0.729334, 0.721287, 0.71839, 0.717068, 0.711709, 0.702127, 0.693753, 0.690355, 0.689062, 0.68425, 0.675044, 0.666411, 0.662507, 0.661168, 0.656865, 0.648077, 0.639257, 0.634851, 0.6334, 0.629554, 0.621217, 0.612281, 0.60739, 0.605767, 0.602321, 0.594506, 0.585792, 0.58102, 0.580029, 0.57798, 0.571963, 0.564802, 0.561225, 0.561566, 0.561271, 0.556817, 0.550297, 0.54653, 0.546634, 0.546568, 0.542545, 0.536074, 0.531925, 0.531747, 0.531912, 0.528359, 0.522018, 0.51752, 0.517026, 0.517358, 0.514274, 0.508109, 0.503305, 0.502463, 0.502909, 0.500279, 0.494341, 0.489269, 0.488063, 0.488567, 0.486372, 0.480702, 0.475411, 0.473829, 0.474336, 0.472554, 0.467187, 0.461727, 0.459765, 0.460225, 0.45882, 0.45379, 0.448212, 0.445874, 0.446234, 0.445174, 0.440506, 0.434862, 0.432156, 0.432372, 0.431618, 0.427329, 0.421668, 0.418611, 0.418645, 0.418151, 0.414251, 0.408626, 0.405241, 0.405056, 0.404777, 0.40127, 0.395727, 0.392036, 0.391587, 0.39144, 0.388242, 0.382648, 0.378318, 0.376885, 0.37555, 0.370441, 0.36109, 0.349907, 0.337126, 0.317877, 0.285649, 0.238933, 0.183663, 0.129574, 0.0846417, 0.0520442, 0.0307333, 0.0177229, 0.0100455, 0.00557286, 0.00299615, 0.00154577, 0.000759882, 0.000354457, 0.000156569, 6.54347e-05, 2.58674e-05, 9.67293e-06, 3.42209e-06, 1.14557e-06, 3.62938e-07
band3
442.5
433.589, 433.683, 433.778, 433.871, 433.965, 434.06, 434.154, 434.247, 434.341, 434.436, 434.53, 434.623, 434.717, 434.812, 434.907, 435.0, 435.093, 435.188, 435.283, 435.376, 435.47, 435.564, 435.659, 435.752, 435.846, 435.941, 436.035, 436.128, 436.222, 436.317, 436.412, 436.505, 436.598, 436.693, 436.788, 436.881, 436.974, 437.069, 437.164, 437.257, 437.351, 437.445, 437.54, 437.633, 437.727, 437.822, 437.917, 438.01, 438.103, 438.198, 438.293, 438.386, 438.479, 438.574, 438.669, 438.762, 438.855, 438.95, 439.045, 439.138, 439.232, 439.327, 439.421, 439.515, 439.608, 439.703, 439.798, 439.891, 439.984, 440.079, 440.174, 440.267, 440.361, 440.455, 440.55, 440.643, 440.737, 440.831, 440.926, 441.02, 441.113, 441.208, 441.303, 441.396, 441.489, 441.584, 441.679, 441.772, 441.866, 441.96, 442.055, 442.149, 442.242, 442.336, 442.431, 442.525, 442.618, 442.713, 442.807, 442.901, 442.994, 443.089, 443.184, 443.277, 443.371, 443.465, 443.56, 443.654, 443.747, 443.841, 443.936, 444.03, 444.123, 444.218, 444.312, 444.406, 444.5, 444.594, 444.688, 444.782, 444.876, 444.97, 445.065, 445.158, 445.252, 445.346, 445.441, 445.535, 445.628, 445.722, 445.817, 445.911, 446.005, 446.099, 446.193, 446.287, 446.381, 446.475, 446.569, 446.663, 446.757, 446.851, 446.946, 447.04, 447.133, 447.227, 447.322, 447.416, 447.51, 447.604, 447.698, 447.792, 447.886, 447.98, 448.074, 448.168, 448.262, 448.356, 448.451, 448.545, 448.638, 448.732, 448.827, 448.921, 449.015, 449.108, 449.203, 449.297, 449.391, 449.485, 449.579, 449.673, 449.767, 449.861, 449.955, 450.049, 450.143, 450.237, 450.332, 450.426, 450.52, 450.613, 450.708, 450.802, 450.896, 450.99, 451.084, 451.178, 451.272, 451.366, 451.46, 451.554, 451.648, 451.742, 451.837, 451.93, 452.025, 452.119, 452.213, 452.307
6.2743e-08, 1.08547e-07, 1.86012e-07, 3.15757e-07, 5.30963e-07, 8.84486e-07, 1.45967e-06, 2.38659e-06, 3.86626e-06, 6.20618e-06, 9.87212e-06, 1.55628e-05, 2.43164e-05, 3.76603e-05, 5.78211e-05, 8.80141e-05, 0.000132839, 0.000198814, 0.000295092, 0.000434396, 0.000634249, 0.000918534, 0.00131946, 0.00188001, 0.00265679, 0.00372354, 0.00517494, 0.00713083, 0.0097405, 0.0131867, 0.0176892, 0.0235063, 0.0309349, 0.0403076, 0.0519854, 0.0663462, 0.0837686, 0.104611, 0.129184, 0.157725, 0.190363, 0.227096, 0.267764, 0.312034, 0.359397, 0.409174, 0.46055, 0.512594, 0.564331, 0.614782, 0.66304, 0.708313, 0.749977, 0.78761, 0.820999, 0.850135, 0.875183, 0.89645, 0.91433, 0.929253, 0.941649, 0.951899, 0.960335, 0.967221, 0.972758, 0.977122, 0.980458, 0.982915, 0.984649, 0.985836, 0.98665, 0.987267, 0.987831, 0.988447, 0.989176, 0.990019, 0.990932, 0.991843, 0.992662, 0.99332, 0.993775, 0.99402, 0.994098, 0.99408, 0.994067, 0.994143, 0.994389, 0.994822, 0.995443, 0.996189, 0.996981, 0.99771, 0.998279, 0.998636, 0.998738, 0.998616, 0.998342, 0.997996, 0.997685, 0.997483, 0.997428, 0.99753, 0.997752, 0.998007, 0.998206, 0.998271, 0.998143, 0.997801, 0.997272, 0.996629, 0.995965, 0.995389, 0.994965, 0.994788, 0.994819, 0.995061, 0.995406, 0.995784, 0.996067, 0.996211, 0.996145, 0.99588, 0.995466, 0.994971, 0.994478, 0.994077, 0.993796, 0.993648, 0.993551, 0.993412, 0.993085, 0.992377, 0.991124, 0.989143, 0.986275, 0.982378, 0.977291, 0.970861, 0.962861, 0.95303, 0.941032, 0.926472, 0.908912, 0.887908, 0.863052, 0.834026, 0.800648, 0.762918, 0.721042, 0.67544, 0.626735, 0.575726, 0.523334, 0.47055, 0.418372, 0.367748, 0.319517, 0.274381, 0.232868, 0.195329, 0.161938, 0.132709, 0.107519, 0.0861337, 0.0682422, 0.0534839, 0.041475, 0.0318313, 0.0241846, 0.0181952, 0.0135587, 0.0100098, 0.007323, 0.00530997, 0.00381696, 0.0027204, 0.0019226, 0.0013475, 0.000936648, 0.00064572, 0.0004415, 0.000299381, 0.000201328, 0.000134258, 8.87769e-05, 5.82024e-05, 3.78288e-05, 2.43725e-05, 1.55643e-05, 9.85083e-06, 6.17854e-06, 3.84001e-06, 2.3647e-06, 1.44273e-06, 8.72028e-07, 5.2214e-07, 3.09693e-07, 1.81946e-07, 1.05878e-07, 6.10245e-08
band4
490.0
481.068, 481.161, 481.256, 481.351, 481.445, 481.539, 481.633, 481.728, 481.822, 481.916, 482.01, 482.105, 482.199, 482.293, 482.387, 482.482, 482.577, 482.67, 482.764, 482.859, 482.954, 483.047, 483.141, 483.236, 483.331, 483.424, 483.518, 483.613, 483.708, 483.801, 483.895, 483.991, 484.085, 484.178, 484.272, 484.367, 484.462, 484.556, 484.649, 484.745, 484.839, 484.933, 485.026, 485.122, 485.216, 485.31, 485.404, 485.499, 485.594, 485.687, 485.781, 485.876, 485.971, 486.064, 486.158, 486.253, 486.348, 486.441, 486.535, 486.63, 486.725, 486.818, 486.912, 487.007, 487.102, 487.196, 487.289, 487.384, 487.479, 487.573, 487.666, 487.761, 487.856, 487.95, 488.043, 488.138, 488.233, 488.327, 488.42, 488.515, 488.61, 488.704, 488.798, 488.892, 488.987, 489.081, 489.175, 489.269, 489.364, 489.458, 489.552, 489.646, 489.741, 489.836, 489.929, 490.023, 490.118, 490.213, 490.306, 490.4, 490.495, 490.59, 490.683, 490.777, 490.872, 490.967, 491.061, 491.154, 491.249, 491.344, 491.438, 491.531, 491.626, 491.721, 491.815, 491.909, 492.003, 492.098, 492.192, 492.286, 492.38, 492.475, 492.569, 492.663, 492.757, 492.852, 492.946, 493.04, 493.134, 493.229, 493.323, 493.417, 493.511, 493.606, 493.7, 493.794, 493.888, 493.983, 494.078, 494.171, 494.265, 494.36, 494.455, 494.548, 494.642, 494.737, 494.832, 494.925, 495.02, 495.114, 495.209, 495.303, 495.397, 495.491, 495.586, 495.68, 495.774, 495.868, 495.963, 496.057, 496.151, 496.246, 496.34, 496.434, 496.528, 496.623, 496.717, 496.811, 496.905, 497.0, 497.095, 497.188, 497.282, 497.377, 497.472, 497.566, 497.659, 497.754, 497.849, 497.943, 498.036, 498.131, 498.226, 498.32, 498.414, 498.508, 498.603, 498.697, 498.791, 498.885, 498.98, 499.074, 499.168, 499.262, 499.357, 499.451, 499.545, 499.639, 499.734, 499.828
4.83778e-08, 8.48294e-08, 1.47296e-07, 2.53279e-07, 4.3131e-07, 7.2742e-07, 1.2151e-06, 2.01047e-06, 3.29513e-06, 5.35022e-06, 8.60651e-06, 1.37176e-05, 2.1665e-05, 3.39088e-05, 5.25986e-05, 8.0869e-05, 0.000123245, 0.000186194, 0.000278866, 0.000414073, 0.000609566, 0.00088966, 0.00128729, 0.00184654, 0.00262562, 0.00370042, 0.00516843, 0.00715295, 0.00980736, 0.0133189, 0.017912, 0.0238495, 0.0314321, 0.0409944, 0.0528969, 0.0675145, 0.0852183, 0.106355, 0.131219, 0.160026, 0.192882, 0.229758, 0.270465, 0.314647, 0.361771, 0.411145, 0.461941, 0.513239, 0.564072, 0.613482, 0.66059, 0.704638, 0.74504, 0.781407, 0.813558, 0.841506, 0.865439, 0.885679, 0.902617, 0.916688, 0.928311, 0.93787, 0.945683, 0.952007, 0.957043, 0.960959, 0.963902, 0.966012, 0.967438, 0.968357, 0.968937, 0.969338, 0.969707, 0.970145, 0.970704, 0.971384, 0.972141, 0.972898, 0.973573, 0.974093, 0.974414, 0.974526, 0.974483, 0.974347, 0.974215, 0.974176, 0.974301, 0.974617, 0.975122, 0.975749, 0.976437, 0.97708, 0.977592, 0.977927, 0.978064, 0.978039, 0.97792, 0.977822, 0.977843, 0.978089, 0.978603, 0.979385, 0.9804, 0.981574, 0.982797, 0.983959, 0.98498, 0.985815, 0.986468, 0.98699, 0.987452, 0.987932, 0.988514, 0.989245, 0.990151, 0.991192, 0.992304, 0.993422, 0.99443, 0.99527, 0.995903, 0.996338, 0.996586, 0.996741, 0.996872, 0.997086, 0.997384, 0.997806, 0.998267, 0.998698, 0.99896, 0.998857, 0.998228, 0.996903, 0.994714, 0.991494, 0.9871, 0.981345, 0.97401, 0.964817, 0.953432, 0.939459, 0.922449, 0.901957, 0.877568, 0.848947, 0.815901, 0.778406, 0.736649, 0.69103, 0.642156, 0.590813, 0.537921, 0.484474, 0.431481, 0.379916, 0.330647, 0.284405, 0.241755, 0.203082, 0.168592, 0.138325, 0.112178, 0.0899323, 0.0712847, 0.0558763, 0.0433212, 0.0332282, 0.0252201, 0.0189461, 0.0140905, 0.0103768, 0.00756878, 0.00546892, 0.00391533, 0.00277778, 0.00195321, 0.00136135, 0.00094058, 0.000644247, 0.000437474, 0.000294509, 0.000196556, 0.000130045, 8.52915e-05, 5.54485e-05, 3.57284e-05, 2.28162e-05, 1.44391e-05, 9.05458e-06, 5.62586e-06, 3.46311e-06, 2.11185e-06, 1.2757e-06, 7.63298e-07, 4.52343e-07, 2.65488e-07, 1.54313e-07, 8.88218e-08, 5.06261e-08
band5
510.0
501.053, 501.147, 501.242, 501.336, 501.43, 501.524, 501.619, 501.713, 501.806, 501.901, 501.995, 502.09, 502.183, 502.277, 502.372, 502.466, 502.56, 502.654, 502.748, 502.843, 502.936, 503.03, 503.125, 503.22, 503.313, 503.407, 503.502, 503.596, 503.689, 503.783, 503.878, 503.973, 504.066, 504.16, 504.255, 504.349, 504.443, 504.537, 504.631, 504.726, 504.819, 504.913, 505.008, 505.103, 505.196, 505.29, 505.384, 505.479, 505.573, 505.666, 505.761, 505.856, 505.949, 506.043, 506.138, 506.232, 506.326, 506.42, 506.514, 506.609, 506.702, 506.796, 506.891, 506.986, 507.079, 507.173, 507.267, 507.362, 507.455, 507.549, 507.644, 507.739, 507.832, 507.926, 508.02, 508.116, 508.209, 508.303, 508.397, 508.492, 508.585, 508.679, 508.773, 508.869, 508.962, 509.056, 509.15, 509.245, 509.338, 509.432, 509.527, 509.622, 509.715, 509.809, 509.903, 509.998, 510.091, 510.186, 510.28, 510.375, 510.468, 510.562, 510.656, 510.751, 510.845, 510.939, 511.033, 511.128, 511.222, 511.315, 511.41, 511.504, 511.598, 511.692, 511.786, 511.881, 511.975, 512.069, 512.163, 512.258, 512.351, 512.445, 512.539, 512.634, 512.728, 512.822, 512.916, 513.011, 513.105, 513.199, 513.292, 513.387, 513.481, 513.575, 513.669, 513.764, 513.858, 513.951, 514.046, 514.14, 514.235, 514.328, 514.422, 514.517, 514.611, 514.705, 514.799, 514.893, 514.988, 515.081, 515.176, 515.27, 515.365, 515.458, 515.552, 515.647, 515.741, 515.834, 515.929, 516.023, 516.118, 516.211, 516.305, 516.4, 516.494, 516.587, 516.682, 516.776, 516.871, 516.964, 517.059, 517.153, 517.247, 517.341, 517.435, 517.529, 517.624, 517.717, 517.812, 517.906, 518.0, 518.094, 518.188, 518.283, 518.377, 518.471, 518.565, 518.659, 518.754, 518.847, 518.942, 519.036, 519.13, 519.224, 519.318, 519.412, 519.507, 519.601, 519.695, 519.789
4.39836e-08, 7.72705e-08, 1.34428e-07, 2.31601e-07, 3.9517e-07, 6.67798e-07, 1.11776e-06, 1.85321e-06, 3.04372e-06, 4.95243e-06, 7.98367e-06, 1.27524e-05, 2.01848e-05, 3.16619e-05, 4.92226e-05, 7.58477e-05, 0.000115851, 0.000175416, 0.00026331, 0.000391839, 0.000578093, 0.000845537, 0.00122602, 0.00176226, 0.00251078, 0.0035454, 0.00496113, 0.00687835, 0.00944703, 0.0128507, 0.0173096, 0.023082, 0.0304643, 0.0397868, 0.0514066, 0.0656952, 0.0830234, 0.103738, 0.128138, 0.156444, 0.188772, 0.225106, 0.265273, 0.308934, 0.355577, 0.404531, 0.454987, 0.506045, 0.556748, 0.606148, 0.653367, 0.697646, 0.738387, 0.775187, 0.807846, 0.836355, 0.86088, 0.881717, 0.899245, 0.91388, 0.926037, 0.936093, 0.944363, 0.951118, 0.956559, 0.960856, 0.964159, 0.966621, 0.968396, 0.969651, 0.97055, 0.971271, 0.971936, 0.972661, 0.973495, 0.974443, 0.975444, 0.97646, 0.977377, 0.978148, 0.978722, 0.979104, 0.979337, 0.979481, 0.979629, 0.97987, 0.980273, 0.980863, 0.981633, 0.982533, 0.983488, 0.984401, 0.985193, 0.985805, 0.986227, 0.986482, 0.986631, 0.986759, 0.986949, 0.987273, 0.987761, 0.988425, 0.989214, 0.990056, 0.990863, 0.991557, 0.992077, 0.992395, 0.992533, 0.992551, 0.992529, 0.992566, 0.992728, 0.993082, 0.993639, 0.994351, 0.995166, 0.995992, 0.996719, 0.997311, 0.99769, 0.99788, 0.997916, 0.99787, 0.997836, 0.997854, 0.998004, 0.998246, 0.998551, 0.998824, 0.998893, 0.998611, 0.997786, 0.996247, 0.993839, 0.990397, 0.985767, 0.979769, 0.972184, 0.962732, 0.951081, 0.93682, 0.919519, 0.898729, 0.874037, 0.845126, 0.811807, 0.774069, 0.732114, 0.686351, 0.637398, 0.586046, 0.533213, 0.479896, 0.4271, 0.375786, 0.326813, 0.280898, 0.238595, 0.200276, 0.166135, 0.136203, 0.11037, 0.0884115, 0.0700215, 0.0548399, 0.0424807, 0.0325543, 0.0246857, 0.0185268, 0.0137648, 0.0101264, 0.00737815, 0.00532516, 0.00380794, 0.00269831, 0.00189495, 0.00131903, 0.000910126, 0.000622541, 0.000422148, 0.000283793, 0.000189134, 0.000124957, 8.18374e-05, 5.31274e-05, 3.41846e-05, 2.17999e-05, 1.37771e-05, 8.6278e-06, 5.35364e-06, 3.2913e-06, 2.00458e-06, 1.20943e-06, 7.22791e-07, 4.27848e-07, 2.50834e-07, 1.4564e-07, 8.37427e-08, 4.76837e-08
band6
560.0
551.049, 551.143, 551.237, 551.332, 551.426, 551.521, 551.614, 551.709, 551.804, 551.898, 551.991, 552.086, 552.181, 552.275, 552.368, 552.463, 552.558, 552.652, 552.746, 552.84, 552.935, 553.029, 553.123, 553.217, 553.312, 553.407, 553.5, 553.594, 553.689, 553.784, 553.877, 553.971, 554.066, 554.161, 554.254, 554.349, 554.444, 554.538, 554.632, 554.726, 554.821, 554.915, 555.009, 555.103, 555.198, 555.292, 555.386, 555.48, 555.575, 555.669, 555.763, 555.857, 555.952, 556.047, 556.141, 556.234, 556.329, 556.424, 556.518, 556.611, 556.706, 556.801, 556.895, 556.989, 557.083, 557.178, 557.272, 557.366, 557.46, 557.555, 557.649, 557.743, 557.838, 557.932, 558.026, 558.12, 558.215, 558.309, 558.404, 558.497, 558.592, 558.686, 558.781, 558.874, 558.969, 559.064, 559.158, 559.252, 559.346, 559.441, 559.535, 559.629, 559.723, 559.818, 559.912, 560.006, 560.1, 560.195, 560.29, 560.383, 560.477, 560.572, 560.667, 560.761, 560.854, 560.949, 561.044, 561.138, 561.232, 561.326, 561.421, 561.515, 561.609, 561.703, 561.798, 561.892, 561.986, 562.081, 562.175, 562.269, 562.363, 562.458, 562.552, 562.647, 562.74, 562.835, 562.93, 563.024, 563.117, 563.212, 563.307, 563.401, 563.495, 563.589, 563.684, 563.778, 563.872, 563.966, 564.061, 564.155, 564.249, 564.343, 564.438, 564.533, 564.626, 564.72, 564.815, 564.91, 565.004, 565.097, 565.192, 565.287, 565.381, 565.474, 565.57, 565.664, 565.758, 565.851, 565.946, 566.041, 566.135, 566.228, 566.324, 566.418, 566.512, 566.606, 566.701, 566.796, 566.89, 566.983, 567.078, 567.173, 567.267, 567.36, 567.455, 567.55, 567.644, 567.737, 567.832, 567.927, 568.021, 568.115, 568.209, 568.304, 568.398, 568.492, 568.587, 568.681, 568.775, 568.869, 568.963, 569.058, 569.153, 569.246, 569.341, 569.435, 569.53, 569.624, 569.717, 569.812
4.15406e-08, 7.32382e-08, 1.27869e-07, 2.21093e-07, 3.78604e-07, 6.42124e-07, 1.0787e-06, 1.79496e-06, 2.95876e-06, 4.83164e-06, 7.81697e-06, 1.25307e-05, 1.99036e-05, 3.13287e-05, 4.88696e-05, 7.55521e-05, 0.00011577, 0.000175834, 0.000264719, 0.00039505, 0.000584399, 0.000856934, 0.00124551, 0.00179427, 0.00256171, 0.00362428, 0.00508051, 0.00705535, 0.00970459, 0.013219, 0.0178276, 0.0237994, 0.0314425, 0.0411008, 0.0531459, 0.0679646, 0.0859414, 0.107436, 0.132755, 0.162126, 0.195663, 0.233338, 0.274963, 0.32017, 0.368412, 0.418976, 0.471005, 0.523547, 0.575599, 0.626174, 0.674359, 0.719372, 0.760613, 0.797683, 0.830401, 0.858795, 0.883064, 0.90354, 0.920651, 0.934835, 0.946534, 0.956139, 0.963974, 0.970303, 0.975315, 0.979193, 0.982062, 0.984087, 0.98541, 0.986211, 0.986677, 0.986973, 0.987241, 0.987599, 0.988092, 0.988719, 0.989427, 0.990133, 0.990746, 0.991183, 0.991407, 0.991427, 0.991266, 0.991012, 0.990767, 0.990629, 0.990669, 0.990924, 0.991368, 0.991956, 0.992593, 0.993179, 0.99362, 0.993851, 0.993871, 0.993699, 0.993414, 0.993105, 0.99289, 0.992837, 0.993006, 0.99339, 0.993954, 0.994602, 0.995249, 0.995778, 0.996133, 0.996268, 0.996211, 0.996017, 0.995783, 0.995601, 0.995563, 0.995728, 0.996114, 0.996676, 0.997361, 0.998054, 0.998645, 0.999078, 0.999276, 0.999269, 0.999088, 0.998803, 0.998529, 0.998329, 0.998278, 0.998361, 0.998533, 0.998683, 0.998659, 0.998281, 0.997386, 0.995791, 0.993326, 0.989842, 0.985202, 0.979232, 0.971724, 0.962429, 0.950996, 0.937021, 0.920063, 0.899656, 0.875358, 0.84683, 0.813844, 0.776373, 0.734599, 0.688917, 0.639943, 0.588473, 0.535442, 0.481864, 0.428767, 0.377131, 0.327835, 0.281618, 0.239045, 0.200497, 0.166171, 0.136099, 0.110167, 0.0881474, 0.069726, 0.0545369, 0.0421872, 0.0322822, 0.0244417, 0.018314, 0.0135836, 0.0099752, 0.00725426, 0.00522532, 0.00372869, 0.00263628, 0.00184703, 0.00128248, 0.000882591, 0.000602038, 0.000407062, 0.00027282, 0.000181246, 0.000119351, 7.78997e-05, 5.03933e-05, 3.23085e-05, 2.05276e-05, 1.29243e-05, 8.06295e-06, 4.9839e-06, 3.05213e-06, 1.85168e-06, 1.11283e-06, 6.62473e-07, 3.90621e-07, 2.28125e-07, 1.31946e-07, 7.55798e-08, 4.28731e-08
band7
620.0
611.02, 611.114, 611.209, 611.303, 611.397, 611.491, 611.584, 611.68, 611.772, 611.866, 611.962, 612.055, 612.149, 612.243, 612.336, 612.432, 612.524, 612.619, 612.714, 612.807, 612.902, 612.996, 613.089, 613.185, 613.277, 613.371, 613.466, 613.56, 613.654, 613.748, 613.841, 613.937, 614.029, 614.123, 614.218, 614.312, 614.406, 614.5, 614.593, 614.69, 614.781, 614.875, 614.971, 615.064, 615.158, 615.252, 615.345, 615.442, 615.533, 615.627, 615.723, 615.817, 615.911, 616.004, 616.097, 616.194, 616.286, 616.379, 616.475, 616.569, 616.663, 616.757, 616.85, 616.947, 617.038, 617.132, 617.228, 617.321, 617.416, 617.509, 617.602, 617.699, 617.791, 617.884, 617.98, 618.073, 618.168, 618.261, 618.354, 618.452, 618.543, 618.636, 618.732, 618.826, 618.92, 619.013, 619.106, 619.204, 619.295, 619.388, 619.484, 619.578, 619.673, 619.765, 619.858, 619.956, 620.048, 620.14, 620.237, 620.33, 620.425, 620.517, 620.61, 620.709, 620.8, 620.892, 620.989, 621.082, 621.177, 621.27, 621.363, 621.461, 621.552, 621.644, 621.741, 621.835, 621.93, 622.022, 622.115, 622.214, 622.305, 622.397, 622.494, 622.587, 622.682, 622.774, 622.867, 622.966, 623.057, 623.149, 623.246, 623.339, 623.434, 623.526, 623.619, 623.718, 623.809, 623.901, 623.998, 624.091, 624.186, 624.279, 624.371, 624.47, 624.562, 624.654, 624.75, 624.843, 624.939, 625.031, 625.123, 625.222, 625.314, 625.406, 625.503, 625.595, 625.691, 625.783, 625.876, 625.974, 626.066, 626.158, 626.255, 626.347, 626.443, 626.536, 626.628, 626.726, 626.819, 626.911, 627.007, 627.099, 627.196, 627.288, 627.38, 627.478, 627.571, 627.663, 627.759, 627.852, 627.948, 628.041, 628.132, 628.231, 628.323, 628.416, 628.512, 628.604, 628.7, 628.793, 628.884, 628.983, 629.076, 629.168, 629.264, 629.356, 629.453, 629.546, 629.637, 629.735
3.60665e-08, 6.37229e-08, 1.11508e-07, 1.93262e-07, 3.31768e-07, 5.64139e-07, 9.50209e-07, 1.58544e-06, 2.62057e-06, 4.29119e-06, 6.96174e-06, 1.11902e-05, 1.78219e-05, 2.81252e-05, 4.39827e-05, 6.81609e-05, 0.000104682, 0.000159337, 0.00024037, 0.000359397, 0.000532604, 0.000782295, 0.00113884, 0.00164312, 0.00234943, 0.00332894, 0.00467365, 0.00650066, 0.00895666, 0.0122222, 0.0165151, 0.0220931, 0.0292538, 0.0383322, 0.0496936, 0.0637232, 0.0808095, 0.101323, 0.12559, 0.153861, 0.186286, 0.222874, 0.263477, 0.307771, 0.355242, 0.405207, 0.456827, 0.509153, 0.561183, 0.611894, 0.660355, 0.705738, 0.747406, 0.784918, 0.818066, 0.846855, 0.87147, 0.892241, 0.909606, 0.924009, 0.935912, 0.94571, 0.953737, 0.960254, 0.965463, 0.96952, 0.972553, 0.974715, 0.976151, 0.977047, 0.977578, 0.977931, 0.978264, 0.978698, 0.979281, 0.980019, 0.980855, 0.981706, 0.982457, 0.983031, 0.983376, 0.983484, 0.983396, 0.98321, 0.983024, 0.982955, 0.983077, 0.983431, 0.984004, 0.984734, 0.985524, 0.986264, 0.986856, 0.987229, 0.987369, 0.987313, 0.987136, 0.986951, 0.986871, 0.986992, 0.98736, 0.987975, 0.988787, 0.989705, 0.990617, 0.99141, 0.992006, 0.992368, 0.992516, 0.992517, 0.99247, 0.992485, 0.992654, 0.993046, 0.993668, 0.994483, 0.995392, 0.996299, 0.997083, 0.997664, 0.997999, 0.998088, 0.997985, 0.997804, 0.997621, 0.997541, 0.997621, 0.997853, 0.998192, 0.99851, 0.998635, 0.998392, 0.997578, 0.996021, 0.993554, 0.990041, 0.985339, 0.979292, 0.971693, 0.962272, 0.950685, 0.936505, 0.91926, 0.898467, 0.873673, 0.844517, 0.810802, 0.772504, 0.729839, 0.683249, 0.633401, 0.581144, 0.527463, 0.473404, 0.420026, 0.36832, 0.319164, 0.273276, 0.231192, 0.193259, 0.159634, 0.13031, 0.105137, 0.0838556, 0.0661279, 0.0515708, 0.0397819, 0.0303616, 0.0229308, 0.0171422, 0.012687, 0.00929786, 0.00674871, 0.00485225, 0.00345634, 0.00243945, 0.00170613, 0.00118253, 0.000812298, 0.000553014, 0.000373149, 0.000249548, 0.000165403, 0.000108653, 7.07347e-05, 4.56352e-05, 2.91759e-05, 1.84835e-05, 1.16027e-05, 7.21652e-06, 4.44705e-06, 2.715e-06, 1.64211e-06, 9.83897e-07, 5.83976e-07, 3.43339e-07, 1.99947e-07, 1.15334e-07, 6.58924e-08, 3.72852e-08
band8
665.0
655.867, 655.962, 656.056, 656.149, 656.243, 656.339, 656.433, 656.526, 656.62, 656.716, 656.81, 656.903, 656.997, 657.093, 657.187, 657.28, 657.374, 657.469, 657.564, 657.657, 657.75, 657.847, 657.941, 658.034, 658.128, 658.223, 658.318, 658.411, 658.504, 658.601, 658.695, 658.787, 658.882, 658.977, 659.073, 659.165, 659.258, 659.354, 659.449, 659.541, 659.636, 659.731, 659.827, 659.919, 660.012, 660.108, 660.203, 660.295, 660.389, 660.484, 660.581, 660.673, 660.765, 660.862, 660.956, 661.05, 661.143, 661.238, 661.335, 661.427, 661.519, 661.616, 661.71, 661.804, 661.897, 661.992, 662.089, 662.181, 662.273, 662.37, 662.464, 662.558, 662.651, 662.745, 662.842, 662.935, 663.027, 663.123, 663.218, 663.312, 663.405, 663.499, 663.596, 663.689, 663.781, 663.877, 663.971, 664.066, 664.159, 664.253, 664.35, 664.443, 664.535, 664.631, 664.725, 664.821, 664.913, 665.006, 665.104, 665.197, 665.289, 665.385, 665.479, 665.575, 665.667, 665.76, 665.857, 665.951, 666.043, 666.138, 666.233, 666.329, 666.421, 666.513, 666.611, 666.705, 666.797, 666.892, 666.986, 667.083, 667.175, 667.267, 667.365, 667.458, 667.551, 667.646, 667.74, 667.837, 667.929, 668.02, 668.119, 668.212, 668.306, 668.399, 668.494, 668.591, 668.683, 668.774, 668.873, 668.966, 669.06, 669.153, 669.247, 669.345, 669.437, 669.528, 669.627, 669.72, 669.814, 669.907, 670.001, 670.099, 670.191, 670.282, 670.38, 670.474, 670.568, 670.661, 670.755, 670.853, 670.945, 671.036, 671.134, 671.227, 671.323, 671.415, 671.508, 671.607, 671.699, 671.79, 671.888, 671.981, 672.077, 672.169, 672.262, 672.361, 672.453, 672.544, 672.641, 672.735, 672.831, 672.923, 673.016, 673.114, 673.207, 673.299, 673.395, 673.489, 673.585, 673.677, 673.769, 673.868, 673.961, 674.053, 674.149, 674.242, 674.339, 674.431, 674.523, 674.622
3.00458e-08, 5.34028e-08, 9.40084e-08, 1.63909e-07, 2.83066e-07, 4.84211e-07, 8.20454e-07, 1.37709e-06, 2.28969e-06, 3.77144e-06, 6.15421e-06, 9.94915e-06, 1.59356e-05, 2.5289e-05, 3.97645e-05, 6.1955e-05, 9.56509e-05, 0.000146336, 0.000221858, 0.000333326, 0.000496299, 0.000732312, 0.00107084, 0.00155174, 0.00222821, 0.00317035, 0.00446921, 0.00624135, 0.00863347, 0.0118273, 0.0160433, 0.0215437, 0.0286334, 0.0376572, 0.0489938, 0.0630447, 0.0802172, 0.100902, 0.125446, 0.154119, 0.18708, 0.224347, 0.265763, 0.310984, 0.359466, 0.410478, 0.46313, 0.516408, 0.569239, 0.620561, 0.669387, 0.714876, 0.756383, 0.793499, 0.826059, 0.854122, 0.877955, 0.897959, 0.914619, 0.928437, 0.939891, 0.949378, 0.957212, 0.963625, 0.968778, 0.972786, 0.97576, 0.977832, 0.979152, 0.979917, 0.980339, 0.980624, 0.980954, 0.981449, 0.982183, 0.983118, 0.984179, 0.985247, 0.986191, 0.986897, 0.987291, 0.987396, 0.987267, 0.987011, 0.986776, 0.986694, 0.986872, 0.987349, 0.988108, 0.989056, 0.990064, 0.990997, 0.991724, 0.992165, 0.992287, 0.992142, 0.991829, 0.991484, 0.99125, 0.991232, 0.991493, 0.992025, 0.992768, 0.993595, 0.994357, 0.99493, 0.995222, 0.995198, 0.994895, 0.994416, 0.993897, 0.993495, 0.993322, 0.993475, 0.993963, 0.994738, 0.995668, 0.996626, 0.997449, 0.998019, 0.998283, 0.998244, 0.997965, 0.997557, 0.997193, 0.996968, 0.99699, 0.997257, 0.997711, 0.998217, 0.998582, 0.998587, 0.99801, 0.996661, 0.994376, 0.991033, 0.986536, 0.980758, 0.973552, 0.964678, 0.953812, 0.940525, 0.924321, 0.904655, 0.880999, 0.852915, 0.820104, 0.782483, 0.740204, 0.693678, 0.643576, 0.590763, 0.536275, 0.481219, 0.426727, 0.37386, 0.323564, 0.276609, 0.233574, 0.194828, 0.160541, 0.130703, 0.105153, 0.0836138, 0.0657276, 0.0510894, 0.0392763, 0.0298712, 0.0224802, 0.0167447, 0.0123475, 0.00901551, 0.00651918, 0.00466934, 0.00331312, 0.0023291, 0.00162234, 0.00111977, 0.000765889, 0.000519115, 0.000348678, 0.000232085, 0.000153081, 0.000100055, 6.48016e-05, 4.15858e-05, 2.64425e-05, 1.66587e-05, 1.03979e-05, 6.42981e-06, 3.939e-06, 2.39052e-06, 1.43716e-06, 8.55872e-07, 5.04883e-07, 2.9501e-07, 1.70738e-07, 9.78711e-08, 5.55642e-08, 3.1242e-08
band9
673.75
665.874, 665.955, 666.035, 666.119, 666.2, 666.28, 666.365, 666.446, 666.525, 666.611, 666.691, 666.771, 666.856, 666.936, 667.016, 667.102, 667.181, 667.262, 667.347, 667.427, 667.507, 667.593, 667.672, 667.753, 667.838, 667.917, 667.999, 668.084, 668.163, 668.245, 668.329, 668.408, 668.49, 668.574, 668.654, 668.736, 668.819, 668.899, 668.981, 669.064, 669.145, 669.227, 669.309, 669.391, 669.473, 669.554, 669.636, 669.718, 669.799, 669.882, 669.964, 670.044, 670.128, 670.209, 670.289, 670.374, 670.454, 670.534, 670.62, 670.7, 670.78, 670.865, 670.945, 671.025, 671.111, 671.19, 671.27, 671.357, 671.436, 671.516, 671.602, 671.681, 671.761, 671.848, 671.926, 672.007, 672.093, 672.171, 672.253, 672.338, 672.417, 672.499, 672.583, 672.662, 672.744, 672.828, 672.908, 672.99, 673.073, 673.154, 673.236, 673.318, 673.4, 673.481, 673.563, 673.645, 673.727, 673.808, 673.891, 673.972, 674.053, 674.137, 674.218, 674.298, 674.383, 674.463, 674.543, 674.629, 674.708, 674.788, 674.874, 674.953, 675.034, 675.12, 675.199, 675.279, 675.366, 675.444, 675.525, 675.611, 675.69, 675.77, 675.857, 675.935, 676.015, 676.102, 676.181, 676.261, 676.347, 676.426, 676.507, 676.592, 676.671, 676.753, 676.837, 676.917, 676.999, 677.082, 677.163, 677.244, 677.327, 677.408, 677.49, 677.572, 677.654, 677.735, 677.817, 677.9, 677.981, 678.062, 678.146, 678.226, 678.307, 678.391, 678.471, 678.552, 678.637, 678.717, 678.797, 678.883, 678.962, 679.043, 679.129, 679.208, 679.288, 679.375, 679.453, 679.533, 679.62, 679.699, 679.779, 679.865, 679.944, 680.024, 680.11, 680.189, 680.27, 680.356, 680.435, 680.515, 680.601, 680.68, 680.761, 680.846, 680.926, 681.007, 681.091, 681.171, 681.253, 681.336, 681.417, 681.498, 681.581, 681.663, 681.744, 681.826, 681.909, 681.989, 682.071, 682.154
2.90826e-08, 4.80539e-08, 7.88231e-08, 1.28355e-07, 2.07499e-07, 3.33022e-07, 5.30626e-07, 8.39412e-07, 1.31837e-06, 2.05583e-06, 3.18296e-06, 4.89302e-06, 7.46854e-06, 1.13192e-05, 1.70345e-05, 2.54554e-05, 3.77732e-05, 5.56608e-05, 8.14487e-05, 0.000118359, 0.000170806, 0.000244797, 0.000348427, 0.000492519, 0.000691425, 0.000963995, 0.00133478, 0.00183543, 0.00250638, 0.00339873, 0.00457639, 0.0061184, 0.00812122, 0.0107012, 0.0139967, 0.0181695, 0.0234061, 0.0299174, 0.0379369, 0.0477174, 0.0595255, 0.0736329, 0.0903066, 0.109795, 0.132314, 0.158029, 0.187037, 0.219353, 0.254892, 0.293462, 0.334755, 0.378347, 0.423713, 0.470235, 0.517229, 0.56398, 0.609765, 0.653894, 0.695757, 0.734836, 0.770741, 0.803221, 0.832173, 0.857625, 0.879733, 0.898743, 0.914968, 0.928754, 0.940441, 0.950356, 0.958767, 0.965901, 0.971923, 0.976954, 0.98108, 0.984361, 0.986871, 0.98868, 0.989888, 0.990614, 0.990996, 0.991181, 0.991306, 0.991488, 0.991822, 0.992346, 0.993049, 0.993898, 0.994821, 0.995713, 0.996478, 0.997059, 0.99737, 0.997437, 0.997249, 0.9969, 0.99647, 0.996045, 0.995748, 0.995624, 0.995723, 0.996035, 0.99652, 0.997105, 0.997695, 0.998182, 0.99849, 0.998552, 0.998356, 0.997912, 0.997293, 0.996566, 0.995854, 0.995249, 0.994819, 0.994605, 0.994634, 0.994823, 0.995105, 0.995347, 0.995405, 0.995131, 0.994376, 0.993033, 0.99099, 0.988186, 0.984547, 0.980021, 0.974517, 0.967918, 0.960049, 0.950688, 0.939547, 0.926293, 0.91056, 0.891989, 0.870247, 0.845064, 0.816274, 0.783835, 0.74784, 0.708538, 0.666322, 0.621715, 0.575348, 0.52792, 0.480177, 0.432857, 0.386664, 0.342237, 0.300121, 0.260756, 0.224464, 0.191446, 0.161796, 0.135501, 0.112466, 0.0925245, 0.0754586, 0.0610153, 0.0489231, 0.0389046, 0.0306879, 0.0240147, 0.0186466, 0.0143678, 0.0109878, 0.00834087, 0.00628548, 0.00470258, 0.00349328, 0.00257671, 0.00188736, 0.00137283, 0.00099167, 0.000711396, 0.000506822, 0.000358589, 0.000251963, 0.00017582, 0.000121839, 8.38459e-05, 5.72987e-05, 3.88836e-05, 2.62022e-05, 1.75327e-05, 1.1649e-05, 7.68509e-06, 5.03406e-06, 3.27406e-06, 2.11417e-06, 1.3554e-06, 8.6272e-07, 5.45174e-07, 3.42024e-07, 2.13023e-07, 1.31716e-07, 8.08515e-08, 4.92679e-08, 2.98031e-08
