These are relative spectral response functions of sentinel2, and data are taken from official websites. 
Band name may be different from what you can see on those websites, but the right band numbers are kept. 
c1 is generally what you want to use, but others are also included when they are available. 
Works from Professor Philip Lewis and Jose Gómez-Dans are included.

Feng Yin

Dept. Geography, University College London
Gower St.
London WC1E 6BT, UK
marcyinfeng@gmail.com

c1
band1
443.929444843
430.0, 431.0, 432.0, 433.0, 434.0, 435.0, 436.0, 437.0, 438.0, 439.0, 440.0, 441.0, 442.0, 443.0, 444.0, 445.0, 446.0, 447.0, 448.0, 449.0, 450.0, 451.0, 452.0, 453.0, 454.0, 455.0, 456.0, 457.0
0.015297481, 0.067133233, 0.195930113, 0.357242315, 0.460570898, 0.511598127, 0.551050641, 0.587384921, 0.613478291, 0.650014299, 0.699199359, 0.745429719, 0.792047382, 0.862823932, 0.947306968, 0.993877543, 1.0, 0.990178205, 0.972897069, 0.957041994, 0.956725717, 0.922388676, 0.723932953, 0.388301825, 0.145959579, 0.051814319, 0.017459195, 0.00030266
band10
945.027529483
932.0, 933.0, 934.0, 935.0, 936.0, 937.0, 938.0, 939.0, 940.0, 941.0, 942.0, 943.0, 944.0, 945.0, 946.0, 947.0, 948.0, 949.0, 950.0, 951.0, 952.0, 953.0, 954.0, 955.0, 956.0, 957.0, 958.0
0.018022081, 0.065697659, 0.184736705, 0.40810832, 0.679541184, 0.873658311, 0.92993853, 0.963266163, 0.983565755, 0.99068994, 0.996767012, 0.97723688, 0.979056662, 0.998123124, 0.989646376, 1.0, 0.987515816, 0.985535072, 0.956407998, 0.965774628, 0.931093947, 0.863762098, 0.704632989, 0.450443414, 0.201668037, 0.059806765, 0.013927678
band11
1373.46188255
1337.0, 1338.0, 1339.0, 1340.0, 1341.0, 1342.0, 1343.0, 1344.0, 1345.0, 1346.0, 1347.0, 1348.0, 1349.0, 1350.0, 1351.0, 1352.0, 1353.0, 1354.0, 1355.0, 1356.0, 1357.0, 1358.0, 1359.0, 1360.0, 1361.0, 1362.0, 1363.0, 1364.0, 1365.0, 1366.0, 1367.0, 1368.0, 1369.0, 1370.0, 1371.0, 1372.0, 1373.0, 1374.0, 1375.0, 1376.0, 1377.0, 1378.0, 1379.0, 1380.0, 1381.0, 1382.0, 1383.0, 1384.0, 1385.0, 1386.0, 1387.0, 1388.0, 1389.0, 1390.0, 1391.0, 1392.0, 1393.0, 1394.0, 1395.0, 1396.0, 1397.0, 1398.0, 1399.0, 1400.0, 1401.0, 1402.0, 1403.0, 1404.0, 1405.0, 1406.0, 1407.0, 1408.0, 1409.0, 1410.0, 1411.0, 1412.0
0.000238032, 5.4011e-05, 3.0555e-05, 2.8606e-05, 7.6414e-05, 0.000109542, 8.8112e-05, 0.000124276, 0.000175866, 0.000334017, 0.000371868, 0.000448739, 0.000658249, 0.001089206, 0.00196845, 0.003736281, 0.008016927, 0.018845345, 0.044655923, 0.101545368, 0.200854803, 0.342389339, 0.506471542, 0.662498209, 0.783168494, 0.861210463, 0.910000298, 0.942126255, 0.962015449, 0.973750495, 0.981720971, 0.987945142, 0.992810636, 0.996478958, 0.99904946, 1.0, 0.999092287, 0.996049616, 0.990956135, 0.984853732, 0.978085355, 0.970372704, 0.960890124, 0.948599028, 0.933274986, 0.915013686, 0.894075033, 0.868634853, 0.830744554, 0.76452492, 0.65530055, 0.507853983, 0.35145525, 0.219307816, 0.1274815, 0.068371642, 0.032620423, 0.013687992, 0.005499615, 0.002399545, 0.001125292, 0.000545136, 0.000350108, 0.000176863, 0.000218748, 0.000196998, 0.0001058, 5.9528e-05, 5.1435e-05, 6.1894e-05, 5.6196e-05, 3.9155e-05, 3.185e-05, 0.000121264, 0.000108791, 2.5451e-05
band12
1613.65940666
1539.0, 1540.0, 1541.0, 1542.0, 1543.0, 1544.0, 1545.0, 1546.0, 1547.0, 1548.0, 1549.0, 1550.0, 1551.0, 1552.0, 1553.0, 1554.0, 1555.0, 1556.0, 1557.0, 1558.0, 1559.0, 1560.0, 1561.0, 1562.0, 1563.0, 1564.0, 1565.0, 1566.0, 1567.0, 1568.0, 1569.0, 1570.0, 1571.0, 1572.0, 1573.0, 1574.0, 1575.0, 1576.0, 1577.0, 1578.0, 1579.0, 1580.0, 1581.0, 1582.0, 1583.0, 1584.0, 1585.0, 1586.0, 1587.0, 1588.0, 1589.0, 1590.0, 1591.0, 1592.0, 1593.0, 1594.0, 1595.0, 1596.0, 1597.0, 1598.0, 1599.0, 1600.0, 1601.0, 1602.0, 1603.0, 1604.0, 1605.0, 1606.0, 1607.0, 1608.0, 1609.0, 1610.0, 1611.0, 1612.0, 1613.0, 1614.0, 1615.0, 1616.0, 1617.0, 1618.0, 1619.0, 1620.0, 1621.0, 1622.0, 1623.0, 1624.0, 1625.0, 1626.0, 1627.0, 1628.0, 1629.0, 1630.0, 1631.0, 1632.0, 1633.0, 1634.0, 1635.0, 1636.0, 1637.0, 1638.0, 1639.0, 1640.0, 1641.0, 1642.0, 1643.0, 1644.0, 1645.0, 1646.0, 1647.0, 1648.0, 1649.0, 1650.0, 1651.0, 1652.0, 1653.0, 1654.0, 1655.0, 1656.0, 1657.0, 1658.0, 1659.0, 1660.0, 1661.0, 1662.0, 1663.0, 1664.0, 1665.0, 1666.0, 1667.0, 1668.0, 1669.0, 1670.0, 1671.0, 1672.0, 1673.0, 1674.0, 1675.0, 1676.0, 1677.0, 1678.0, 1679.0, 1680.0, 1681.0, 1682.0
6.934e-06, 6.804e-06, 8.224e-06, 2.8105e-05, 3.784e-05, 9.0746e-05, 0.000147452, 0.000251399, 0.000480203, 0.000569537, 0.000662261, 0.000910566, 0.001166089, 0.001684036, 0.00245816, 0.00356747, 0.005345161, 0.008317784, 0.012628433, 0.018996334, 0.027780618, 0.03958367, 0.054865088, 0.074929768, 0.101069914, 0.135475748, 0.182597282, 0.247275543, 0.330736144, 0.429690906, 0.537634456, 0.647173334, 0.743528409, 0.815215305, 0.859201504, 0.879668577, 0.887029952, 0.889097838, 0.891416958, 0.897586018, 0.90663052, 0.916528056, 0.92657894, 0.935322165, 0.942393561, 0.947506732, 0.951415577, 0.954254286, 0.956429305, 0.958205215, 0.960687866, 0.963480014, 0.965796837, 0.968180454, 0.97101157, 0.973379886, 0.97591493, 0.978581496, 0.979877753, 0.98058868, 0.980912334, 0.981411503, 0.981243863, 0.980705072, 0.980376964, 0.981066319, 0.982735565, 0.985121995, 0.987806954, 0.990375969, 0.992015684, 0.993287985, 0.992536418, 0.990404949, 0.987128016, 0.983502057, 0.980022548, 0.976174463, 0.972568388, 0.969828489, 0.967709002, 0.966371474, 0.965848924, 0.966050474, 0.967426617, 0.969869577, 0.973463419, 0.97868284, 0.983472137, 0.987635453, 0.991875079, 0.995476405, 0.997586172, 0.998568438, 0.999327749, 0.999234469, 0.998803511, 0.999110558, 0.999729529, 0.999744808, 1.0, 0.999814319, 0.996693294, 0.991619643, 0.985701748, 0.978569228, 0.969902949, 0.960896391, 0.953286699, 0.946546283, 0.941712152, 0.938586421, 0.935489328, 0.928113913, 0.912102443, 0.88059783, 0.824980062, 0.743118017, 0.64189077, 0.534002282, 0.426963072, 0.323709698, 0.234284076, 0.163971597, 0.110210711, 0.072477896, 0.04619413, 0.029400532, 0.019358665, 0.013308246, 0.009316851, 0.006522833, 0.004864189, 0.003409053, 0.002490561, 0.001958315, 0.001422504, 0.001055276, 0.000497731, 0.000227763, 0.00015918, 3.3942e-05, 4.4875e-05, 1.3044e-05
band13
2202.36668717
2078.0, 2079.0, 2080.0, 2081.0, 2082.0, 2083.0, 2084.0, 2085.0, 2086.0, 2087.0, 2088.0, 2089.0, 2090.0, 2091.0, 2092.0, 2093.0, 2094.0, 2095.0, 2096.0, 2097.0, 2098.0, 2099.0, 2100.0, 2101.0, 2102.0, 2103.0, 2104.0, 2105.0, 2106.0, 2107.0, 2108.0, 2109.0, 2110.0, 2111.0, 2112.0, 2113.0, 2114.0, 2115.0, 2116.0, 2117.0, 2118.0, 2119.0, 2120.0, 2121.0, 2122.0, 2123.0, 2124.0, 2125.0, 2126.0, 2127.0, 2128.0, 2129.0, 2130.0, 2131.0, 2132.0, 2133.0, 2134.0, 2135.0, 2136.0, 2137.0, 2138.0, 2139.0, 2140.0, 2141.0, 2142.0, 2143.0, 2144.0, 2145.0, 2146.0, 2147.0, 2148.0, 2149.0, 2150.0, 2151.0, 2152.0, 2153.0, 2154.0, 2155.0, 2156.0, 2157.0, 2158.0, 2159.0, 2160.0, 2161.0, 2162.0, 2163.0, 2164.0, 2165.0, 2166.0, 2167.0, 2168.0, 2169.0, 2170.0, 2171.0, 2172.0, 2173.0, 2174.0, 2175.0, 2176.0, 2177.0, 2178.0, 2179.0, 2180.0, 2181.0, 2182.0, 2183.0, 2184.0, 2185.0, 2186.0, 2187.0, 2188.0, 2189.0, 2190.0, 2191.0, 2192.0, 2193.0, 2194.0, 2195.0, 2196.0, 2197.0, 2198.0, 2199.0, 2200.0, 2201.0, 2202.0, 2203.0, 2204.0, 2205.0, 2206.0, 2207.0, 2208.0, 2209.0, 2210.0, 2211.0, 2212.0, 2213.0, 2214.0, 2215.0, 2216.0, 2217.0, 2218.0, 2219.0, 2220.0, 2221.0, 2222.0, 2223.0, 2224.0, 2225.0, 2226.0, 2227.0, 2228.0, 2229.0, 2230.0, 2231.0, 2232.0, 2233.0, 2234.0, 2235.0, 2236.0, 2237.0, 2238.0, 2239.0, 2240.0, 2241.0, 2242.0, 2243.0, 2244.0, 2245.0, 2246.0, 2247.0, 2248.0, 2249.0, 2250.0, 2251.0, 2252.0, 2253.0, 2254.0, 2255.0, 2256.0, 2257.0, 2258.0, 2259.0, 2260.0, 2261.0, 2262.0, 2263.0, 2264.0, 2265.0, 2266.0, 2267.0, 2268.0, 2269.0, 2270.0, 2271.0, 2272.0, 2273.0, 2274.0, 2275.0, 2276.0, 2277.0, 2278.0, 2279.0, 2280.0, 2281.0, 2282.0, 2283.0, 2284.0, 2285.0, 2286.0, 2287.0, 2288.0, 2289.0, 2290.0, 2291.0, 2292.0, 2293.0, 2294.0, 2295.0, 2296.0, 2297.0, 2298.0, 2299.0, 2300.0, 2301.0, 2302.0, 2303.0, 2304.0, 2305.0, 2306.0, 2307.0, 2308.0, 2309.0, 2310.0, 2311.0, 2312.0, 2313.0, 2314.0, 2315.0, 2316.0, 2317.0, 2318.0, 2319.0, 2320.0
0.000639264, 0.001022905, 0.002884721, 0.003997454, 0.006597118, 0.007659826, 0.00800413, 0.008539692, 0.009300309, 0.010001938, 0.010972178, 0.012089456, 0.013364144, 0.015017309, 0.01712566, 0.01978032, 0.023335884, 0.027667597, 0.033215941, 0.040217377, 0.048882662, 0.059642173, 0.073175151, 0.090534716, 0.111470124, 0.13690299, 0.167810536, 0.203460906, 0.242871255, 0.284898317, 0.327177957, 0.36840376, 0.40800276, 0.444778149, 0.476537405, 0.503106894, 0.525317548, 0.543351996, 0.557252862, 0.568634197, 0.579029932, 0.588683995, 0.59889121, 0.609981083, 0.621362162, 0.634282516, 0.64854644, 0.663707315, 0.680046291, 0.696164765, 0.711964139, 0.727011081, 0.741301118, 0.757405387, 0.772070514, 0.78558074, 0.798238093, 0.809677071, 0.819701739, 0.82859933, 0.836721896, 0.844443431, 0.851107219, 0.853252319, 0.854746271, 0.85617419, 0.857820928, 0.859531818, 0.861459829, 0.863256985, 0.865138808, 0.867319035, 0.869696339, 0.874301992, 0.878588437, 0.882438825, 0.885928758, 0.889473121, 0.89322574, 0.896696495, 0.899896619, 0.902596288, 0.90483074, 0.905524618, 0.905665281, 0.905502587, 0.905157893, 0.904782854, 0.90408183, 0.903347495, 0.902760831, 0.902377006, 0.901982966, 0.903423562, 0.904312941, 0.905315323, 0.906446178, 0.90809207, 0.910123185, 0.912949979, 0.915584774, 0.918444254, 0.921302412, 0.924337167, 0.927218563, 0.929740263, 0.931921865, 0.934142166, 0.935906112, 0.937086137, 0.937641167, 0.938301157, 0.937652085, 0.940440758, 0.942517533, 0.943259037, 0.943031026, 0.942117106, 0.940631648, 0.938427922, 0.936660033, 0.935256327, 0.933022239, 0.926879998, 0.921056996, 0.915482617, 0.911020114, 0.908292872, 0.907283492, 0.90819092, 0.911168883, 0.916188526, 0.922854635, 0.920605167, 0.919482312, 0.919489205, 0.921276392, 0.924526038, 0.927732919, 0.931974489, 0.936769555, 0.941482728, 0.946801994, 0.951202607, 0.954436663, 0.957046915, 0.959729173, 0.962538601, 0.964857726, 0.966042031, 0.966647037, 0.966309991, 0.965460063, 0.964841278, 0.963655749, 0.961698492, 0.959453949, 0.957327053, 0.955140475, 0.953558145, 0.95273179, 0.952180853, 0.951730689, 0.952145994, 0.952641408, 0.954056643, 0.957078482, 0.960638803, 0.964221982, 0.968307493, 0.972691041, 0.97742349, 0.982898416, 0.98714443, 0.990734152, 0.993982826, 0.996786808, 0.998752904, 1.0, 0.999927455, 0.999151921, 0.997129452, 0.993883695, 0.989685968, 0.983735405, 0.976212761, 0.967813199, 0.958342887, 0.948440151, 0.9382028, 0.927724853, 0.917038819, 0.905999348, 0.893868367, 0.881682515, 0.86864716, 0.854635458, 0.840619936, 0.826015692, 0.809516209, 0.791866591, 0.772443017, 0.749106638, 0.720345599, 0.688185271, 0.651282733, 0.610049759, 0.56603087, 0.520969977, 0.474659094, 0.429259293, 0.38585714, 0.342091763, 0.300680041, 0.263176181, 0.227703987, 0.195720706, 0.168090024, 0.144679716, 0.124830647, 0.108237331, 0.09440058, 0.082363039, 0.071500068, 0.062690603, 0.054985448, 0.048194534, 0.042864117, 0.038598228, 0.034947252, 0.031998848, 0.029587869, 0.027418116, 0.025576973, 0.023959421, 0.021671692, 0.019147972, 0.016331132, 0.010988591, 0.007378602, 0.006510601, 0.004709556, 0.002065107
band2
496.541069687
440.0, 441.0, 442.0, 443.0, 444.0, 445.0, 446.0, 447.0, 448.0, 449.0, 450.0, 451.0, 452.0, 453.0, 454.0, 455.0, 456.0, 457.0, 458.0, 459.0, 460.0, 461.0, 462.0, 463.0, 464.0, 465.0, 466.0, 467.0, 468.0, 469.0, 470.0, 471.0, 472.0, 473.0, 474.0, 475.0, 476.0, 477.0, 478.0, 479.0, 480.0, 481.0, 482.0, 483.0, 484.0, 485.0, 486.0, 487.0, 488.0, 489.0, 490.0, 491.0, 492.0, 493.0, 494.0, 495.0, 496.0, 497.0, 498.0, 499.0, 500.0, 501.0, 502.0, 503.0, 504.0, 505.0, 506.0, 507.0, 508.0, 509.0, 510.0, 511.0, 512.0, 513.0, 514.0, 515.0, 516.0, 517.0, 518.0, 519.0, 520.0, 521.0, 522.0, 523.0, 524.0, 525.0, 526.0, 527.0, 528.0, 529.0, 530.0, 531.0, 532.0, 533.0, 534.0, 535.0, 538.0
0.001205888, 0.002040369, 0.002622943, 0.002738239, 0.002746267, 0.002076292, 0.003245683, 0.002224086, 0.002788526, 0.003127464, 0.002376761, 0.003775739, 0.002855863, 0.003063208, 0.00606979, 0.009028311, 0.019546756, 0.038955457, 0.084087582, 0.176255447, 0.292197461, 0.364611634, 0.382417769, 0.385788698, 0.393447498, 0.400157587, 0.410290956, 0.424686229, 0.449286442, 0.481594435, 0.505322972, 0.523406072, 0.529542808, 0.534687923, 0.53378568, 0.534655585, 0.538100358, 0.543690952, 0.557717041, 0.578584682, 0.601967211, 0.616036805, 0.621092399, 0.613596882, 0.596062382, 0.575862788, 0.558063043, 0.546131078, 0.54209908, 0.553601967, 0.571684349, 0.59826863, 0.633236261, 0.673370128, 0.711752423, 0.738396013, 0.758249128, 0.768324786, 0.773366977, 0.780467611, 0.788363273, 0.795449465, 0.80915086, 0.824011214, 0.837708797, 0.844983399, 0.847328129, 0.840111452, 0.825797103, 0.804777753, 0.786940349, 0.77157774, 0.761922541, 0.765487222, 0.781682215, 0.810031414, 0.850586321, 0.901670684, 0.954670055, 0.987257367, 1.0, 0.986389206, 0.908308105, 0.724000074, 0.478912868, 0.286992071, 0.1699762, 0.102833112, 0.06516336, 0.041159879, 0.025079521, 0.013112047, 0.002584728, 0.001094622, 0.000307621, 0.000441445, 0.000443422
band3
560.006374949
537.0, 538.0, 539.0, 540.0, 541.0, 542.0, 543.0, 544.0, 545.0, 546.0, 547.0, 548.0, 549.0, 550.0, 551.0, 552.0, 553.0, 554.0, 555.0, 556.0, 557.0, 558.0, 559.0, 560.0, 561.0, 562.0, 563.0, 564.0, 565.0, 566.0, 567.0, 568.0, 569.0, 570.0, 571.0, 572.0, 573.0, 574.0, 575.0, 576.0, 577.0, 578.0, 579.0, 580.0, 581.0, 582.0
0.000840124, 0.016371608, 0.037688294, 0.080665026, 0.169508863, 0.341374391, 0.573031109, 0.746711409, 0.828036215, 0.868227545, 0.888565006, 0.891572433, 0.878150361, 0.860270532, 0.843697821, 0.83403461, 0.832616875, 0.844968248, 0.867733874, 0.897360859, 0.933938145, 0.966922619, 0.990762023, 1.0, 0.9978116, 0.981107343, 0.947088021, 0.907183271, 0.86865614, 0.837621551, 0.812909776, 0.792433535, 0.7850998, 0.789606081, 0.807011178, 0.830457678, 0.846432825, 0.858401768, 0.857990221, 0.799824045, 0.624979915, 0.38699351, 0.200178754, 0.098292953, 0.042843571, 0.01651236
band4
664.4491622
646.0, 647.0, 648.0, 649.0, 650.0, 651.0, 652.0, 653.0, 654.0, 655.0, 656.0, 657.0, 658.0, 659.0, 660.0, 661.0, 662.0, 663.0, 664.0, 665.0, 666.0, 667.0, 668.0, 669.0, 670.0, 671.0, 672.0, 673.0, 674.0, 675.0, 676.0, 677.0, 678.0, 679.0, 680.0, 681.0, 682.0, 683.0, 684.0
0.002584161, 0.034529234, 0.149970293, 0.464825627, 0.81774561, 0.965323761, 0.983869281, 0.996900219, 1.0, 0.995449387, 0.991334334, 0.977215143, 0.936802357, 0.873776426, 0.814165825, 0.776668942, 0.764863979, 0.77509069, 0.801358663, 0.830827664, 0.857111548, 0.883580858, 0.908949643, 0.934759132, 0.955930529, 0.968110072, 0.973218918, 0.971572352, 0.969002767, 0.965711927, 0.960481316, 0.944810855, 0.884152441, 0.706167011, 0.422966946, 0.189853092, 0.063171769, 0.020615018, 0.00203356
band5
703.886978943
694.0, 695.0, 696.0, 697.0, 698.0, 699.0, 700.0, 701.0, 702.0, 703.0, 704.0, 705.0, 706.0, 707.0, 708.0, 709.0, 710.0, 711.0, 712.0, 713.0
0.001187444, 0.04125993, 0.167711986, 0.478496499, 0.833877813, 0.985479087, 1.0, 0.999264633, 0.993238984, 0.982416076, 0.965583054, 0.945953346, 0.92469939, 0.902398691, 0.885582389, 0.861231139, 0.75719742, 0.521268244, 0.196705539, 0.036825443
band6
740.223452517
731.0, 732.0, 733.0, 734.0, 735.0, 736.0, 737.0, 738.0, 739.0, 740.0, 741.0, 742.0, 743.0, 744.0, 745.0, 746.0, 747.0, 748.0, 749.0
0.005330671, 0.085006217, 0.345713766, 0.750597792, 0.920264708, 0.917916631, 0.934211456, 0.957861013, 0.975828536, 0.98193229, 0.981517629, 0.993405644, 1.0, 0.982578961, 0.962584247, 0.854907617, 0.506721697, 0.135356773, 0.013437848
band7
782.473511978
769.0, 770.0, 771.0, 772.0, 773.0, 774.0, 775.0, 776.0, 777.0, 778.0, 779.0, 780.0, 781.0, 782.0, 783.0, 784.0, 785.0, 786.0, 787.0, 788.0, 789.0, 790.0, 791.0, 792.0, 793.0, 794.0, 795.0, 796.0, 797.0
0.001594992, 0.014730731, 0.067032359, 0.199494764, 0.422803402, 0.694015129, 0.898494293, 0.98317272, 0.994759437, 1.0, 0.994912942, 0.964656595, 0.9081173, 0.846897588, 0.802090526, 0.778839292, 0.777241149, 0.789523421, 0.800984088, 0.802915583, 0.791711439, 0.75769539, 0.6779514, 0.536855477, 0.36403261, 0.193498289, 0.077219076, 0.019707088, 0.003152148
band8
835.110186795
760.0, 761.0, 773.0, 774.0, 775.0, 776.0, 777.0, 778.0, 779.0, 780.0, 781.0, 782.0, 783.0, 784.0, 785.0, 786.0, 787.0, 788.0, 789.0, 790.0, 791.0, 792.0, 793.0, 794.0, 795.0, 796.0, 797.0, 798.0, 799.0, 800.0, 801.0, 802.0, 803.0, 804.0, 805.0, 806.0, 807.0, 808.0, 809.0, 810.0, 811.0, 812.0, 813.0, 814.0, 815.0, 816.0, 817.0, 818.0, 819.0, 820.0, 821.0, 822.0, 823.0, 824.0, 825.0, 826.0, 827.0, 828.0, 829.0, 830.0, 831.0, 832.0, 833.0, 834.0, 835.0, 836.0, 837.0, 838.0, 839.0, 840.0, 841.0, 842.0, 843.0, 844.0, 845.0, 846.0, 847.0, 848.0, 849.0, 850.0, 851.0, 852.0, 853.0, 854.0, 855.0, 856.0, 857.0, 858.0, 859.0, 860.0, 861.0, 862.0, 863.0, 864.0, 865.0, 866.0, 867.0, 868.0, 869.0, 870.0, 871.0, 872.0, 873.0, 874.0, 875.0, 876.0, 877.0, 878.0, 879.0, 880.0, 881.0, 882.0, 883.0, 884.0, 885.0, 886.0, 887.0, 888.0, 889.0, 890.0, 891.0, 892.0, 893.0, 894.0, 895.0, 896.0, 897.0, 898.0, 899.0, 900.0, 901.0, 902.0, 903.0, 904.0, 905.0, 906.0, 907.0, 908.0
0.001355706, 0.00392374, 0.000450635, 0.007613759, 0.019071631, 0.033498212, 0.056535957, 0.087148412, 0.132460432, 0.203435597, 0.314067835, 0.450084527, 0.587432873, 0.714518008, 0.818289983, 0.902931705, 0.960731839, 0.993723492, 1.0, 0.985213358, 0.958375658, 0.936550397, 0.925816084, 0.930376113, 0.941280824, 0.953344085, 0.962183412, 0.965630921, 0.963105088, 0.959009302, 0.951205343, 0.945147193, 0.943136098, 0.945814423, 0.945357393, 0.94376216, 0.937084132, 0.92789036, 0.915897097, 0.900979012, 0.881577413, 0.862159752, 0.843199839, 0.822684437, 0.801818585, 0.776911255, 0.755631985, 0.737893018, 0.722216874, 0.708669463, 0.698415904, 0.690210597, 0.682257441, 0.681493822, 0.682648562, 0.678490529, 0.675950258, 0.671303773, 0.665537745, 0.66081163, 0.658738951, 0.658309532, 0.664070258, 0.672731215, 0.685500932, 0.701159193, 0.720686012, 0.742291656, 0.759530325, 0.776608407, 0.784061465, 0.787719795, 0.787693087, 0.783525132, 0.776160838, 0.768338994, 0.759263845, 0.745942736, 0.733021996, 0.720589328, 0.70666322, 0.690869992, 0.675896147, 0.661558281, 0.64933885, 0.638008141, 0.627423662, 0.618963341, 0.610944526, 0.604321526, 0.597408353, 0.591723999, 0.586961129, 0.582746486, 0.581201871, 0.579479626, 0.580196837, 0.582505031, 0.58530811, 0.589480742, 0.592827138, 0.596748769, 0.601371824, 0.603233742, 0.605476073, 0.608971784, 0.613462535, 0.618715384, 0.626840684, 0.637435801, 0.648790775, 0.659233472, 0.667340083, 0.668623741, 0.659923886, 0.641665694, 0.615841396, 0.583567134, 0.552075805, 0.526406778, 0.507116158, 0.496530349, 0.499119291, 0.512088404, 0.529092988, 0.542739266, 0.5379639, 0.495953057, 0.419304575, 0.326791448, 0.231084503, 0.148540083, 0.089683145, 0.05497712, 0.033245719, 0.019774274, 0.007847675, 0.001285769
band9
864.80125832
848.0, 849.0, 850.0, 851.0, 852.0, 853.0, 854.0, 855.0, 856.0, 857.0, 858.0, 859.0, 860.0, 861.0, 862.0, 863.0, 864.0, 865.0, 866.0, 867.0, 868.0, 869.0, 870.0, 871.0, 872.0, 873.0, 874.0, 875.0, 876.0, 877.0, 878.0, 879.0, 880.0, 881.0
0.001651482, 0.013241944, 0.02470983, 0.051378748, 0.104943729, 0.216577278, 0.384864982, 0.58573065, 0.774480911, 0.878430125, 0.914944349, 0.922574113, 0.926042621, 0.929675951, 0.935961875, 0.946583152, 0.955792448, 0.965457804, 0.97446123, 0.979880105, 0.983324607, 0.982880911, 0.988474082, 1.0, 0.999625841, 0.921004618, 0.728632177, 0.472188662, 0.238081733, 0.106954864, 0.046095951, 0.022225825, 0.008818811, 0.000455417
