These are relative spectral response functions of terra, and data are taken from official websites. 
Band name may be different from what you can see on those websites, but the right band numbers are kept. 
c1 is generally what you want to use, but others are also included when they are available. 
Works from Professor Philip Lewis and Jose Gómez-Dans are included.

Feng Yin

Dept. Geography, University College London
Gower St.
London WC1E 6BT, UK
marcyinfeng@gmail.com

c1
band1
646.295673296
614.35, 617.28, 619.3, 622.28, 624.29, 627.3, 629.28, 632.3, 634.29, 637.28, 639.28, 642.29, 644.28, 647.29, 649.3, 652.3, 654.28, 657.29, 659.3, 662.28, 664.28, 667.29, 669.29, 672.29, 674.3, 677.3, 679.29, 681.51
0.01, 0.07017, 0.23406, 0.6223, 0.70428, 0.70715, 0.71584, 0.7286, 0.73173, 0.746, 0.74743, 0.75879, 0.77158, 0.8384, 0.87409, 0.94468, 0.97642, 1.0, 0.97012, 0.83007, 0.75454, 0.58868, 0.43255, 0.20045, 0.10973, 0.04137, 0.02053, 0.01
band2
856.47984028
819.72, 821.67, 823.67, 826.66, 828.66, 831.66, 833.65, 836.66, 838.66, 841.66, 843.67, 846.66, 848.66, 851.65, 853.67, 856.65, 858.65, 861.66, 863.66, 866.67, 868.65, 871.65, 873.66, 876.67, 878.66, 881.65, 883.67, 886.66, 888.65, 891.66, 893.66, 896.66, 898.16
0.01, 0.01597, 0.03113, 0.07748, 0.12647, 0.20379, 0.25006, 0.3723, 0.51344, 0.77003, 0.8809, 0.91967, 0.9197, 0.92395, 0.9337, 0.94993, 0.97444, 1.0, 0.99066, 0.94701, 0.90855, 0.85409, 0.71231, 0.35174, 0.19605, 0.09522, 0.06664, 0.04349, 0.03517, 0.0248, 0.01917, 0.01239, 0.01
band3
465.742398799
451.25, 451.83, 452.81, 453.82, 454.83, 455.82, 456.83, 457.81, 458.81, 459.81, 460.81, 461.82, 462.83, 463.83, 464.83, 465.81, 466.82, 467.83, 468.81, 469.81, 470.82, 471.83, 472.82, 473.81, 474.81, 475.81, 476.83, 477.82, 478.82, 479.82, 480.76
0.01, 0.01415, 0.03037, 0.0698, 0.17721, 0.3671, 0.61308, 0.82606, 0.95674, 1.0, 0.98303, 0.92134, 0.85682, 0.84248, 0.85102, 0.85173, 0.86332, 0.88634, 0.91257, 0.9398, 0.93939, 0.90137, 0.82902, 0.72087, 0.5671, 0.38347, 0.21738, 0.10349, 0.04367, 0.02027, 0.01
band4
553.736229817
539.0281, 539.8062, 540.7906, 541.7964, 542.7955, 543.8142, 544.799, 545.8035, 546.8018, 547.795, 548.8106, 549.7982, 550.8114, 551.8001, 552.7921, 553.8146, 554.7904, 555.799, 556.8143, 557.8098, 558.8113, 559.7911, 560.8027, 561.7901, 562.8069, 563.7965, 564.8124, 565.7982, 566.8073, 567.8113, 568.2134
0.01, 0.01855, 0.05168, 0.12994, 0.27456, 0.48228, 0.70167, 0.87335, 0.96078, 0.9897, 0.99763, 1.0, 0.99894, 0.99084, 0.9784, 0.97154, 0.96817, 0.96928, 0.97893, 0.98779, 0.98627, 0.97504, 0.93383, 0.84017, 0.68642, 0.49088, 0.26952, 0.11364, 0.03932, 0.01316, 0.01
band5
1242.16286011
1214.3, 1214.6, 1215.6, 1217.6, 1218.6, 1220.6, 1221.6, 1223.6, 1224.6, 1226.6, 1227.6, 1229.6, 1230.6, 1232.6, 1233.6, 1235.6, 1236.6, 1238.6, 1239.6, 1241.6, 1242.6, 1244.6, 1245.6, 1247.6, 1248.6, 1250.6, 1251.6, 1253.6, 1254.6, 1256.6, 1257.6, 1259.6, 1260.6, 1262.6, 1263.6, 1265.6, 1266.6, 1268.6, 1269.6, 1281.5
0.01, 0.01057, 0.01436, 0.02502, 0.03311, 0.05785, 0.07333, 0.12275, 0.15594, 0.25941, 0.32487, 0.46493, 0.5225, 0.64937, 0.72387, 0.83421, 0.86512, 0.90094, 0.92863, 0.97969, 0.99651, 1.0, 0.99171, 0.95491, 0.91723, 0.79011, 0.71133, 0.54624, 0.45589, 0.27407, 0.20891, 0.13378, 0.10935, 0.07268, 0.05648, 0.03228, 0.02581, 0.01841, 0.01596, 0.01
band6
1629.40788053
1596.1, 1597.7, 1599.7, 1601.7, 1603.7, 1605.7, 1607.7, 1609.7, 1611.7, 1613.7, 1615.7, 1617.7, 1619.7, 1621.7, 1623.7, 1625.7, 1627.7, 1629.7, 1631.7, 1633.7, 1635.7, 1637.7, 1639.7, 1641.7, 1643.7, 1645.7, 1647.7, 1649.7, 1651.7, 1653.7, 1655.7, 1657.7, 1659.7, 1661.7
0.01, 0.01363, 0.02023, 0.03052, 0.04691, 0.0728, 0.11282, 0.18139, 0.28385, 0.40899, 0.5563, 0.71734, 0.85937, 0.94084, 0.97321, 0.99409, 1.0, 0.99887, 0.99226, 0.97584, 0.9445, 0.88481, 0.79417, 0.66263, 0.51143, 0.36663, 0.25783, 0.18026, 0.12342, 0.07756, 0.04257, 0.02329, 0.01451, 0.01
band7
2114.21403827
2058.8, 2062.3, 2067.3, 2072.3, 2077.3, 2082.3, 2087.3, 2092.3, 2097.3, 2102.3, 2107.3, 2112.3, 2117.3, 2122.3, 2127.3, 2132.3, 2137.3, 2142.3, 2147.3, 2152.3, 2157.3, 2162.3, 2167.3, 2172.3, 2175.9
0.01, 0.0141, 0.02782, 0.06382, 0.14485, 0.29803, 0.55323, 0.77832, 0.9089, 1.0, 0.9079, 0.94869, 0.89372, 0.82844, 0.74917, 0.6359, 0.54515, 0.45774, 0.35, 0.21303, 0.12975, 0.06597, 0.02631, 0.0134, 0.01
c10
band1
646.282837663
614.2, 614.98, 617.96, 619.98, 622.96, 624.97, 627.97, 629.96, 632.97, 634.97, 637.96, 639.96, 642.97, 644.96, 647.96, 649.98, 652.98, 654.96, 657.97, 659.98, 662.96, 664.96, 667.97, 669.97, 672.97, 674.98, 677.98, 679.97, 681.49
0.01, 0.01377, 0.11802, 0.35474, 0.70241, 0.73373, 0.73499, 0.73807, 0.74945, 0.75985, 0.78099, 0.78737, 0.80435, 0.82116, 0.86682, 0.89441, 0.9532, 0.9797, 1.0, 0.95557, 0.82926, 0.76042, 0.59692, 0.42886, 0.17991, 0.08979, 0.03042, 0.01495, 0.01
band2
856.476051639
819.11, 820.07, 823.07, 825.07, 828.06, 830.06, 833.05, 835.05, 838.05, 840.06, 843.07, 845.07, 848.06, 850.06, 853.05, 855.07, 858.05, 860.05, 863.07, 865.06, 868.07, 870.05, 873.05, 875.06, 878.07, 880.06, 883.05, 885.07, 888.07, 890.05, 893.06, 895.06, 898.06, 899.06
0.01, 0.01236, 0.0267, 0.046, 0.09642, 0.14315, 0.23295, 0.31712, 0.51493, 0.6895, 0.91373, 0.98094, 0.99716, 0.97964, 0.94973, 0.94635, 0.96452, 0.98488, 1.0, 0.98332, 0.96267, 0.93349, 0.79303, 0.61025, 0.26934, 0.13743, 0.06491, 0.04701, 0.03679, 0.03255, 0.02587, 0.0206, 0.01208, 0.01
band3
465.750419468
451.52, 452.2, 453.18, 454.19, 455.21, 456.19, 457.2, 458.18, 459.19, 460.19, 461.18, 462.2, 463.21, 464.21, 465.2, 466.19, 467.2, 468.21, 469.18, 470.19, 471.2, 472.2, 473.19, 474.18, 475.18, 476.19, 477.2, 478.19, 479.19, 480.19, 480.66
0.01, 0.01568, 0.03509, 0.09358, 0.22919, 0.44065, 0.68744, 0.8755, 0.97473, 1.0, 0.97194, 0.90256, 0.83505, 0.82432, 0.83111, 0.83453, 0.8486, 0.87198, 0.89879, 0.91747, 0.90858, 0.86415, 0.78405, 0.66222, 0.50096, 0.31886, 0.16631, 0.07402, 0.03017, 0.01336, 0.01
band4
553.728489238
539.0032, 539.1941, 540.1833, 541.1677, 542.1735, 543.1726, 544.1913, 545.1761, 546.1806, 547.1789, 548.1721, 549.1877, 550.1752, 551.1885, 552.1772, 553.1691, 554.1917, 555.1675, 556.176, 557.1914, 558.1868, 559.1884, 560.1682, 561.1798, 562.1672, 563.184, 564.1736, 565.1895, 566.1753, 567.1844, 568.1441
0.01, 0.01119, 0.02943, 0.07582, 0.17859, 0.34728, 0.56284, 0.76935, 0.90944, 0.9712, 0.98969, 0.9966, 1.0, 0.99376, 0.98495, 0.97194, 0.96578, 0.96531, 0.97081, 0.98123, 0.98521, 0.97907, 0.96178, 0.90804, 0.79319, 0.61353, 0.40431, 0.19844, 0.07571, 0.02602, 0.01
band5
1242.17726576
1214.5, 1215.5, 1216.5, 1218.5, 1219.5, 1221.5, 1222.5, 1224.5, 1225.5, 1227.5, 1228.5, 1230.5, 1231.5, 1233.5, 1234.5, 1236.5, 1237.5, 1239.5, 1240.5, 1242.5, 1243.5, 1245.5, 1246.5, 1248.5, 1249.5, 1251.5, 1252.5, 1254.5, 1255.5, 1257.5, 1258.5, 1260.5, 1261.5, 1263.5, 1264.5, 1266.5, 1267.5, 1269.5, 1270.5, 1279.6
0.01, 0.01283, 0.01758, 0.03076, 0.03983, 0.06761, 0.08738, 0.15085, 0.19361, 0.31294, 0.37976, 0.53084, 0.60971, 0.76542, 0.83044, 0.90329, 0.92803, 0.97648, 0.992, 1.0, 0.997, 0.98354, 0.97275, 0.91561, 0.86608, 0.72848, 0.64546, 0.45881, 0.37093, 0.24228, 0.19486, 0.1234, 0.09457, 0.05408, 0.04302, 0.0294, 0.02448, 0.01734, 0.01418, 0.01
band6
1629.39536996
1596.8, 1597.5, 1599.5, 1601.5, 1603.5, 1605.5, 1607.4, 1609.4, 1611.5, 1613.4, 1615.5, 1617.5, 1619.4, 1621.5, 1623.4, 1625.5, 1627.4, 1629.5, 1631.4, 1633.4, 1635.5, 1637.5, 1639.4, 1641.5, 1643.4, 1645.5, 1647.5, 1649.5, 1651.5, 1653.5, 1655.5, 1657.5, 1659.5, 1661.5, 1661.6
0.01, 0.01115, 0.0169, 0.02614, 0.04031, 0.06288, 0.09851, 0.15529, 0.24276, 0.35976, 0.51677, 0.6864, 0.844, 0.97124, 1.0, 0.99801, 0.99521, 0.98787, 0.97774, 0.96331, 0.9353, 0.87776, 0.79025, 0.66867, 0.5291, 0.37406, 0.24476, 0.15962, 0.10633, 0.0714, 0.04803, 0.02981, 0.0173, 0.01018, 0.01
band7
2114.19422952
2058.7, 2060.7, 2065.7, 2070.7, 2075.7, 2080.7, 2085.7, 2090.7, 2095.7, 2100.7, 2105.7, 2110.7, 2115.7, 2120.7, 2125.7, 2130.7, 2135.7, 2140.7, 2145.7, 2150.7, 2155.7, 2160.7, 2165.7, 2170.7, 2174.6
0.01, 0.01199, 0.02206, 0.0444, 0.09416, 0.21269, 0.42385, 0.69206, 0.91204, 0.98481, 1.0, 0.93525, 0.88561, 0.80921, 0.7223, 0.64802, 0.57161, 0.4923, 0.38673, 0.2603, 0.14122, 0.07046, 0.03614, 0.01707, 0.01
c2
band1
646.295673296
614.35, 617.28, 619.3, 622.28, 624.29, 627.3, 629.28, 632.3, 634.29, 637.28, 639.28, 642.29, 644.28, 647.29, 649.3, 652.3, 654.28, 657.29, 659.3, 662.28, 664.28, 667.29, 669.29, 672.29, 674.3, 677.3, 679.29, 681.51
0.01, 0.07017, 0.23406, 0.6223, 0.70428, 0.70715, 0.71584, 0.7286, 0.73173, 0.746, 0.74743, 0.75879, 0.77158, 0.8384, 0.87409, 0.94468, 0.97642, 1.0, 0.97012, 0.83007, 0.75454, 0.58868, 0.43255, 0.20045, 0.10973, 0.04137, 0.02053, 0.01
band2
856.47984028
819.72, 821.67, 823.67, 826.66, 828.66, 831.66, 833.65, 836.66, 838.66, 841.66, 843.67, 846.66, 848.66, 851.65, 853.67, 856.65, 858.65, 861.66, 863.66, 866.67, 868.65, 871.65, 873.66, 876.67, 878.66, 881.65, 883.67, 886.66, 888.65, 891.66, 893.66, 896.66, 898.16
0.01, 0.01597, 0.03113, 0.07748, 0.12647, 0.20379, 0.25006, 0.3723, 0.51344, 0.77003, 0.8809, 0.91967, 0.9197, 0.92395, 0.9337, 0.94993, 0.97444, 1.0, 0.99066, 0.94701, 0.90855, 0.85409, 0.71231, 0.35174, 0.19605, 0.09522, 0.06664, 0.04349, 0.03517, 0.0248, 0.01917, 0.01239, 0.01
band3
465.742398799
451.25, 451.83, 452.81, 453.82, 454.83, 455.82, 456.83, 457.81, 458.81, 459.81, 460.81, 461.82, 462.83, 463.83, 464.83, 465.81, 466.82, 467.83, 468.81, 469.81, 470.82, 471.83, 472.82, 473.81, 474.81, 475.81, 476.83, 477.82, 478.82, 479.82, 480.76
0.01, 0.01415, 0.03037, 0.0698, 0.17721, 0.3671, 0.61308, 0.82606, 0.95674, 1.0, 0.98303, 0.92134, 0.85682, 0.84248, 0.85102, 0.85173, 0.86332, 0.88634, 0.91257, 0.9398, 0.93939, 0.90137, 0.82902, 0.72087, 0.5671, 0.38347, 0.21738, 0.10349, 0.04367, 0.02027, 0.01
band4
553.736229817
539.0281, 539.8062, 540.7906, 541.7964, 542.7955, 543.8142, 544.799, 545.8035, 546.8018, 547.795, 548.8106, 549.7982, 550.8114, 551.8001, 552.7921, 553.8146, 554.7904, 555.799, 556.8143, 557.8098, 558.8113, 559.7911, 560.8027, 561.7901, 562.8069, 563.7965, 564.8124, 565.7982, 566.8073, 567.8113, 568.2134
0.01, 0.01855, 0.05168, 0.12994, 0.27456, 0.48228, 0.70167, 0.87335, 0.96078, 0.9897, 0.99763, 1.0, 0.99894, 0.99084, 0.9784, 0.97154, 0.96817, 0.96928, 0.97893, 0.98779, 0.98627, 0.97504, 0.93383, 0.84017, 0.68642, 0.49088, 0.26952, 0.11364, 0.03932, 0.01316, 0.01
band5
1242.16286011
1214.3, 1214.6, 1215.6, 1217.6, 1218.6, 1220.6, 1221.6, 1223.6, 1224.6, 1226.6, 1227.6, 1229.6, 1230.6, 1232.6, 1233.6, 1235.6, 1236.6, 1238.6, 1239.6, 1241.6, 1242.6, 1244.6, 1245.6, 1247.6, 1248.6, 1250.6, 1251.6, 1253.6, 1254.6, 1256.6, 1257.6, 1259.6, 1260.6, 1262.6, 1263.6, 1265.6, 1266.6, 1268.6, 1269.6, 1281.5
0.01, 0.01057, 0.01436, 0.02502, 0.03311, 0.05785, 0.07333, 0.12275, 0.15594, 0.25941, 0.32487, 0.46493, 0.5225, 0.64937, 0.72387, 0.83421, 0.86512, 0.90094, 0.92863, 0.97969, 0.99651, 1.0, 0.99171, 0.95491, 0.91723, 0.79011, 0.71133, 0.54624, 0.45589, 0.27407, 0.20891, 0.13378, 0.10935, 0.07268, 0.05648, 0.03228, 0.02581, 0.01841, 0.01596, 0.01
band6
1629.40788053
1596.1, 1597.7, 1599.7, 1601.7, 1603.7, 1605.7, 1607.7, 1609.7, 1611.7, 1613.7, 1615.7, 1617.7, 1619.7, 1621.7, 1623.7, 1625.7, 1627.7, 1629.7, 1631.7, 1633.7, 1635.7, 1637.7, 1639.7, 1641.7, 1643.7, 1645.7, 1647.7, 1649.7, 1651.7, 1653.7, 1655.7, 1657.7, 1659.7, 1661.7
0.01, 0.01363, 0.02023, 0.03052, 0.04691, 0.0728, 0.11282, 0.18139, 0.28385, 0.40899, 0.5563, 0.71734, 0.85937, 0.94084, 0.97321, 0.99409, 1.0, 0.99887, 0.99226, 0.97584, 0.9445, 0.88481, 0.79417, 0.66263, 0.51143, 0.36663, 0.25783, 0.18026, 0.12342, 0.07756, 0.04257, 0.02329, 0.01451, 0.01
band7
2114.21403827
2058.8, 2062.3, 2067.3, 2072.3, 2077.3, 2082.3, 2087.3, 2092.3, 2097.3, 2102.3, 2107.3, 2112.3, 2117.3, 2122.3, 2127.3, 2132.3, 2137.3, 2142.3, 2147.3, 2152.3, 2157.3, 2162.3, 2167.3, 2172.3, 2175.9
0.01, 0.0141, 0.02782, 0.06382, 0.14485, 0.29803, 0.55323, 0.77832, 0.9089, 1.0, 0.9079, 0.94869, 0.89372, 0.82844, 0.74917, 0.6359, 0.54515, 0.45774, 0.35, 0.21303, 0.12975, 0.06597, 0.02631, 0.0134, 0.01
c3
band1
646.295673296
614.35, 617.28, 619.3, 622.28, 624.29, 627.3, 629.28, 632.3, 634.29, 637.28, 639.28, 642.29, 644.28, 647.29, 649.3, 652.3, 654.28, 657.29, 659.3, 662.28, 664.28, 667.29, 669.29, 672.29, 674.3, 677.3, 679.29, 681.51
0.01, 0.07017, 0.23406, 0.6223, 0.70428, 0.70715, 0.71584, 0.7286, 0.73173, 0.746, 0.74743, 0.75879, 0.77158, 0.8384, 0.87409, 0.94468, 0.97642, 1.0, 0.97012, 0.83007, 0.75454, 0.58868, 0.43255, 0.20045, 0.10973, 0.04137, 0.02053, 0.01
band2
856.47984028
819.72, 821.67, 823.67, 826.66, 828.66, 831.66, 833.65, 836.66, 838.66, 841.66, 843.67, 846.66, 848.66, 851.65, 853.67, 856.65, 858.65, 861.66, 863.66, 866.67, 868.65, 871.65, 873.66, 876.67, 878.66, 881.65, 883.67, 886.66, 888.65, 891.66, 893.66, 896.66, 898.16
0.01, 0.01597, 0.03113, 0.07748, 0.12647, 0.20379, 0.25006, 0.3723, 0.51344, 0.77003, 0.8809, 0.91967, 0.9197, 0.92395, 0.9337, 0.94993, 0.97444, 1.0, 0.99066, 0.94701, 0.90855, 0.85409, 0.71231, 0.35174, 0.19605, 0.09522, 0.06664, 0.04349, 0.03517, 0.0248, 0.01917, 0.01239, 0.01
band3
465.742398799
451.25, 451.83, 452.81, 453.82, 454.83, 455.82, 456.83, 457.81, 458.81, 459.81, 460.81, 461.82, 462.83, 463.83, 464.83, 465.81, 466.82, 467.83, 468.81, 469.81, 470.82, 471.83, 472.82, 473.81, 474.81, 475.81, 476.83, 477.82, 478.82, 479.82, 480.76
0.01, 0.01415, 0.03037, 0.0698, 0.17721, 0.3671, 0.61308, 0.82606, 0.95674, 1.0, 0.98303, 0.92134, 0.85682, 0.84248, 0.85102, 0.85173, 0.86332, 0.88634, 0.91257, 0.9398, 0.93939, 0.90137, 0.82902, 0.72087, 0.5671, 0.38347, 0.21738, 0.10349, 0.04367, 0.02027, 0.01
band4
553.736229817
539.0281, 539.8062, 540.7906, 541.7964, 542.7955, 543.8142, 544.799, 545.8035, 546.8018, 547.795, 548.8106, 549.7982, 550.8114, 551.8001, 552.7921, 553.8146, 554.7904, 555.799, 556.8143, 557.8098, 558.8113, 559.7911, 560.8027, 561.7901, 562.8069, 563.7965, 564.8124, 565.7982, 566.8073, 567.8113, 568.2134
0.01, 0.01855, 0.05168, 0.12994, 0.27456, 0.48228, 0.70167, 0.87335, 0.96078, 0.9897, 0.99763, 1.0, 0.99894, 0.99084, 0.9784, 0.97154, 0.96817, 0.96928, 0.97893, 0.98779, 0.98627, 0.97504, 0.93383, 0.84017, 0.68642, 0.49088, 0.26952, 0.11364, 0.03932, 0.01316, 0.01
band5
1242.16286011
1214.3, 1214.6, 1215.6, 1217.6, 1218.6, 1220.6, 1221.6, 1223.6, 1224.6, 1226.6, 1227.6, 1229.6, 1230.6, 1232.6, 1233.6, 1235.6, 1236.6, 1238.6, 1239.6, 1241.6, 1242.6, 1244.6, 1245.6, 1247.6, 1248.6, 1250.6, 1251.6, 1253.6, 1254.6, 1256.6, 1257.6, 1259.6, 1260.6, 1262.6, 1263.6, 1265.6, 1266.6, 1268.6, 1269.6, 1281.5
0.01, 0.01057, 0.01436, 0.02502, 0.03311, 0.05785, 0.07333, 0.12275, 0.15594, 0.25941, 0.32487, 0.46493, 0.5225, 0.64937, 0.72387, 0.83421, 0.86512, 0.90094, 0.92863, 0.97969, 0.99651, 1.0, 0.99171, 0.95491, 0.91723, 0.79011, 0.71133, 0.54624, 0.45589, 0.27407, 0.20891, 0.13378, 0.10935, 0.07268, 0.05648, 0.03228, 0.02581, 0.01841, 0.01596, 0.01
band6
1629.40788053
1596.1, 1597.7, 1599.7, 1601.7, 1603.7, 1605.7, 1607.7, 1609.7, 1611.7, 1613.7, 1615.7, 1617.7, 1619.7, 1621.7, 1623.7, 1625.7, 1627.7, 1629.7, 1631.7, 1633.7, 1635.7, 1637.7, 1639.7, 1641.7, 1643.7, 1645.7, 1647.7, 1649.7, 1651.7, 1653.7, 1655.7, 1657.7, 1659.7, 1661.7
0.01, 0.01363, 0.02023, 0.03052, 0.04691, 0.0728, 0.11282, 0.18139, 0.28385, 0.40899, 0.5563, 0.71734, 0.85937, 0.94084, 0.97321, 0.99409, 1.0, 0.99887, 0.99226, 0.97584, 0.9445, 0.88481, 0.79417, 0.66263, 0.51143, 0.36663, 0.25783, 0.18026, 0.12342, 0.07756, 0.04257, 0.02329, 0.01451, 0.01
band7
2114.21403827
2058.8, 2062.3, 2067.3, 2072.3, 2077.3, 2082.3, 2087.3, 2092.3, 2097.3, 2102.3, 2107.3, 2112.3, 2117.3, 2122.3, 2127.3, 2132.3, 2137.3, 2142.3, 2147.3, 2152.3, 2157.3, 2162.3, 2167.3, 2172.3, 2175.9
0.01, 0.0141, 0.02782, 0.06382, 0.14485, 0.29803, 0.55323, 0.77832, 0.9089, 1.0, 0.9079, 0.94869, 0.89372, 0.82844, 0.74917, 0.6359, 0.54515, 0.45774, 0.35, 0.21303, 0.12975, 0.06597, 0.02631, 0.0134, 0.01
c4
band1
646.295673296
614.35, 617.28, 619.3, 622.28, 624.29, 627.3, 629.28, 632.3, 634.29, 637.28, 639.28, 642.29, 644.28, 647.29, 649.3, 652.3, 654.28, 657.29, 659.3, 662.28, 664.28, 667.29, 669.29, 672.29, 674.3, 677.3, 679.29, 681.51
0.01, 0.07017, 0.23406, 0.6223, 0.70428, 0.70715, 0.71584, 0.7286, 0.73173, 0.746, 0.74743, 0.75879, 0.77158, 0.8384, 0.87409, 0.94468, 0.97642, 1.0, 0.97012, 0.83007, 0.75454, 0.58868, 0.43255, 0.20045, 0.10973, 0.04137, 0.02053, 0.01
band2
856.489598731
819.71, 822.06, 824.05, 827.05, 829.04, 832.04, 834.04, 837.04, 839.05, 842.05, 844.05, 847.05, 849.04, 852.04, 854.05, 857.04, 859.04, 862.05, 864.04, 867.05, 869.03, 872.04, 874.04, 877.06, 879.04, 882.04, 884.05, 887.05, 889.04, 892.04, 894.05, 897.05, 898.08
0.01, 0.01767, 0.03556, 0.08587, 0.13442, 0.20997, 0.26126, 0.39695, 0.55025, 0.8113, 0.91574, 0.93908, 0.93574, 0.92559, 0.93134, 0.94654, 0.9751, 1.0, 0.98844, 0.95419, 0.92643, 0.84816, 0.67663, 0.31495, 0.17418, 0.0859, 0.06098, 0.04211, 0.03467, 0.02495, 0.01924, 0.01189, 0.01
band3
465.74438921
451.53, 451.95, 452.93, 453.94, 454.95, 455.94, 456.95, 457.93, 458.93, 459.93, 460.93, 461.94, 462.95, 463.95, 464.95, 465.93, 466.94, 467.95, 468.93, 469.93, 470.94, 471.95, 472.94, 473.93, 474.93, 475.93, 476.95, 477.94, 478.93, 479.94, 480.65
0.01, 0.01294, 0.02997, 0.07507, 0.19163, 0.38935, 0.63659, 0.84408, 0.96179, 1.0, 0.97871, 0.91155, 0.84684, 0.83396, 0.84203, 0.84204, 0.85293, 0.87647, 0.90474, 0.92723, 0.92418, 0.88473, 0.81225, 0.70053, 0.54625, 0.36237, 0.20099, 0.0935, 0.0395, 0.01668, 0.01
band4
553.736824527
539.061, 539.9073, 540.8917, 541.8975, 542.8966, 543.9153, 544.9001, 545.9046, 546.9029, 547.8961, 548.9117, 549.8992, 550.9125, 551.9012, 552.8931, 553.9157, 554.8915, 555.9, 556.9154, 557.9108, 558.9124, 559.8922, 560.9038, 561.8912, 562.908, 563.8976, 564.9135, 565.8993, 566.9084, 567.9124, 568.2121
0.01, 0.02095, 0.05708, 0.1436, 0.29573, 0.50678, 0.72302, 0.88706, 0.96633, 0.99142, 0.998, 1.0, 0.9969, 0.98939, 0.97687, 0.96906, 0.96703, 0.97039, 0.98128, 0.98912, 0.98731, 0.97616, 0.9337, 0.83289, 0.66763, 0.46583, 0.24804, 0.10263, 0.03504, 0.0121, 0.01
band5
1242.17832743
1214.3, 1214.9, 1215.9, 1217.9, 1218.9, 1220.9, 1221.9, 1223.9, 1224.9, 1226.9, 1227.9, 1229.9, 1230.9, 1232.9, 1233.9, 1235.9, 1236.9, 1238.9, 1239.9, 1241.9, 1242.9, 1244.9, 1245.9, 1247.9, 1248.9, 1250.9, 1251.9, 1253.9, 1254.9, 1256.9, 1257.9, 1259.9, 1260.9, 1262.9, 1263.9, 1265.9, 1266.9, 1268.9, 1269.9, 1279.4
0.01, 0.01161, 0.01555, 0.02696, 0.03502, 0.06071, 0.0787, 0.13235, 0.16678, 0.26891, 0.3332, 0.48738, 0.55647, 0.66879, 0.72912, 0.83242, 0.87434, 0.92109, 0.93702, 0.97447, 0.99108, 1.0, 0.98863, 0.9345, 0.89003, 0.7526, 0.66819, 0.50212, 0.42509, 0.27713, 0.20669, 0.12108, 0.09694, 0.0652, 0.05407, 0.03433, 0.02609, 0.01702, 0.01428, 0.01
band6
1629.37265423
1596.1, 1597.9, 1599.9, 1601.9, 1603.9, 1605.9, 1607.9, 1609.9, 1611.9, 1613.9, 1615.9, 1617.9, 1619.9, 1621.9, 1623.9, 1625.9, 1627.9, 1629.9, 1631.9, 1633.9, 1635.9, 1637.9, 1639.9, 1641.9, 1643.9, 1645.9, 1647.9, 1649.9, 1651.9, 1653.9, 1655.9, 1657.9, 1659.9, 1661.7
0.01, 0.0146, 0.02194, 0.03344, 0.0517, 0.08121, 0.12688, 0.19621, 0.29987, 0.42839, 0.57229, 0.7264, 0.86586, 0.96734, 1.0, 0.99858, 0.99415, 0.98844, 0.98082, 0.96604, 0.9393, 0.88326, 0.79348, 0.66158, 0.51218, 0.35855, 0.24125, 0.16085, 0.10895, 0.07324, 0.04716, 0.02713, 0.015, 0.01
band7
2114.24560512
2059.4, 2064.1, 2069.2, 2074.1, 2079.1, 2084.1, 2089.1, 2094.1, 2099.1, 2104.1, 2109.1, 2114.1, 2119.2, 2124.1, 2129.1, 2134.1, 2139.1, 2144.1, 2149.1, 2154.1, 2159.1, 2164.1, 2169.1, 2174.1, 2175.4
0.01, 0.01732, 0.03398, 0.07588, 0.16694, 0.34971, 0.61105, 0.81385, 0.99227, 1.0, 0.95451, 0.9037, 0.81265, 0.73323, 0.65385, 0.58892, 0.51498, 0.41945, 0.29816, 0.18248, 0.0977, 0.04037, 0.01936, 0.01118, 0.01
c5
band1
646.282341222
614.49, 614.58, 617.56, 619.58, 622.55, 624.57, 627.57, 629.56, 632.57, 634.56, 637.56, 639.56, 642.57, 644.56, 647.56, 649.58, 652.58, 654.56, 657.57, 659.58, 662.56, 664.56, 667.56, 669.57, 672.56, 674.57, 677.58, 679.57, 681.51
0.01, 0.01029, 0.08635, 0.27749, 0.64871, 0.71239, 0.71416, 0.71958, 0.73196, 0.73942, 0.75511, 0.75768, 0.77181, 0.78663, 0.84622, 0.87998, 0.94505, 0.97576, 1.0, 0.96567, 0.82899, 0.7533, 0.58167, 0.41857, 0.18732, 0.09988, 0.03711, 0.01831, 0.01
band2
856.486373947
819.88, 822.43, 824.43, 827.42, 829.42, 832.42, 834.41, 837.42, 839.42, 842.43, 844.43, 847.42, 849.42, 852.41, 854.43, 857.41, 859.42, 862.43, 864.42, 867.43, 869.41, 872.41, 874.42, 877.43, 879.42, 882.42, 884.43, 887.43, 889.41, 892.42, 894.43, 897.42, 898.14
0.01, 0.02032, 0.03922, 0.09321, 0.14043, 0.21697, 0.27599, 0.42955, 0.5992, 0.85162, 0.94205, 0.95919, 0.95104, 0.93079, 0.93551, 0.95281, 0.97857, 1.0, 0.98659, 0.96584, 0.93718, 0.82621, 0.63793, 0.29087, 0.15749, 0.07863, 0.05733, 0.04088, 0.03409, 0.02452, 0.01911, 0.01135, 0.01
band3
465.747441258
451.59, 452.02, 453.0, 454.01, 455.02, 456.01, 457.02, 458.0, 459.01, 460.01, 461.0, 462.02, 463.02, 464.02, 465.02, 466.01, 467.02, 468.02, 469.0, 470.01, 471.01, 472.02, 473.01, 474.0, 475.0, 476.01, 477.02, 478.01, 479.01, 480.01, 480.59
0.01, 0.01271, 0.0292, 0.07897, 0.20013, 0.40302, 0.64994, 0.85183, 0.96449, 1.0, 0.97683, 0.90759, 0.84218, 0.83086, 0.83794, 0.83845, 0.85023, 0.8734, 0.89988, 0.92226, 0.91821, 0.87679, 0.80416, 0.68938, 0.53307, 0.34826, 0.18902, 0.08749, 0.0366, 0.01445, 0.01
band4
553.738997012
539.0351, 539.9847, 540.9692, 541.975, 542.9741, 543.9927, 544.9775, 545.9821, 546.9803, 547.9736, 548.9891, 549.9767, 550.9899, 551.9786, 552.9706, 553.9932, 554.9689, 555.9775, 556.9929, 557.9883, 558.9899, 559.9697, 560.9813, 561.9686, 562.9855, 563.975, 564.991, 565.9767, 566.9858, 567.9899, 568.2972
0.01, 0.02366, 0.06195, 0.15279, 0.3102, 0.52477, 0.73747, 0.89613, 0.96816, 0.99135, 0.99792, 1.0, 0.99607, 0.98912, 0.97587, 0.96841, 0.96677, 0.97109, 0.98212, 0.9892, 0.98577, 0.97259, 0.92847, 0.82364, 0.65405, 0.44892, 0.23273, 0.09468, 0.03256, 0.01223, 0.01
band5
1242.13953063
1214.3, 1215.1, 1216.2, 1218.1, 1219.1, 1221.2, 1222.1, 1224.1, 1225.1, 1227.2, 1228.1, 1230.1, 1231.1, 1233.1, 1234.1, 1236.1, 1237.1, 1239.1, 1240.1, 1242.1, 1243.1, 1245.1, 1246.1, 1248.1, 1249.1, 1251.1, 1252.1, 1254.1, 1255.1, 1257.1, 1258.1, 1260.1, 1261.2, 1263.1, 1264.1, 1266.1, 1267.1, 1269.1, 1270.1, 1278.0
0.01, 0.01228, 0.01656, 0.02842, 0.03686, 0.06344, 0.08247, 0.1439, 0.18217, 0.28594, 0.34933, 0.49987, 0.57569, 0.70267, 0.75013, 0.83072, 0.87186, 0.93428, 0.95022, 0.97536, 0.98809, 1.0, 0.99193, 0.93185, 0.88195, 0.73943, 0.65048, 0.47074, 0.39183, 0.2666, 0.2101, 0.11642, 0.08907, 0.05783, 0.04781, 0.03374, 0.02747, 0.01674, 0.01331, 0.01
band6
1629.4341524
1594.6, 1595.8, 1597.9, 1599.9, 1601.9, 1603.9, 1605.9, 1607.8, 1609.8, 1611.9, 1613.8, 1615.9, 1617.9, 1619.8, 1621.9, 1623.8, 1625.9, 1627.8, 1629.9, 1631.8, 1633.8, 1635.9, 1637.9, 1639.8, 1641.9, 1643.8, 1645.9, 1647.9, 1649.9, 1651.9, 1653.9, 1655.9, 1657.9, 1659.9, 1661.9, 1662.0
0.01, 0.01183, 0.01664, 0.02418, 0.03623, 0.05474, 0.08289, 0.12836, 0.19888, 0.29656, 0.41216, 0.54667, 0.69295, 0.82865, 0.9437, 0.99933, 1.0, 0.98877, 0.97792, 0.96601, 0.94901, 0.92539, 0.87282, 0.7896, 0.67232, 0.53903, 0.38407, 0.24529, 0.15565, 0.10257, 0.06853, 0.04696, 0.03099, 0.01823, 0.01014, 0.01
band7
2114.20391538
2059.6, 2060.2, 2065.2, 2070.2, 2075.2, 2080.1, 2085.2, 2090.2, 2095.2, 2100.2, 2105.2, 2110.2, 2115.2, 2120.2, 2125.1, 2130.2, 2135.2, 2140.2, 2145.1, 2150.2, 2155.2, 2160.2, 2165.2, 2170.1, 2174.9
0.01, 0.0105, 0.01939, 0.03882, 0.08401, 0.18393, 0.38637, 0.63235, 0.86558, 1.0, 0.99036, 0.95422, 0.87255, 0.79086, 0.70039, 0.62851, 0.56717, 0.49063, 0.38986, 0.26858, 0.15814, 0.07425, 0.03359, 0.01801, 0.01
c6
band1
646.283382647
614.28, 614.75, 617.73, 619.75, 622.73, 624.74, 627.74, 629.73, 632.74, 634.73, 637.73, 639.73, 642.74, 644.73, 647.73, 649.75, 652.75, 654.73, 657.74, 659.75, 662.73, 664.73, 667.74, 669.74, 672.73, 674.75, 677.75, 679.74, 681.59
0.01, 0.01199, 0.09895, 0.30819, 0.66727, 0.722, 0.7205, 0.72383, 0.73632, 0.74451, 0.76243, 0.76763, 0.78409, 0.79866, 0.85127, 0.8818, 0.9455, 0.97426, 1.0, 0.96342, 0.83083, 0.75573, 0.57972, 0.41633, 0.1822, 0.09554, 0.03519, 0.01758, 0.01
band2
856.491869574
819.83, 822.65, 824.65, 827.64, 829.64, 832.63, 834.63, 837.63, 839.64, 842.64, 844.64, 847.64, 849.63, 852.63, 854.64, 857.63, 859.63, 862.64, 864.64, 867.64, 869.62, 872.63, 874.64, 877.65, 879.63, 882.63, 884.64, 887.64, 889.63, 892.63, 894.64, 897.64, 898.21
0.01, 0.02121, 0.04132, 0.09565, 0.14239, 0.22227, 0.28812, 0.45469, 0.62534, 0.87083, 0.95526, 0.97091, 0.95671, 0.93461, 0.93196, 0.95537, 0.97846, 1.0, 0.98683, 0.97105, 0.9424, 0.81074, 0.62178, 0.2785, 0.14914, 0.0743, 0.05466, 0.03992, 0.03344, 0.02483, 0.01896, 0.01102, 0.01
band3
465.748820624
451.49, 452.08, 453.06, 454.07, 455.09, 456.07, 457.08, 458.06, 459.07, 460.07, 461.06, 462.08, 463.09, 464.09, 465.08, 466.07, 467.08, 468.09, 469.07, 470.07, 471.08, 472.08, 473.07, 474.07, 475.07, 476.07, 477.08, 478.08, 479.07, 480.07, 480.64
0.01, 0.01416, 0.0324, 0.08494, 0.21006, 0.41742, 0.66512, 0.8593, 0.96839, 1.0, 0.97547, 0.90591, 0.84154, 0.83164, 0.83795, 0.83955, 0.85091, 0.87365, 0.90121, 0.92212, 0.91568, 0.87327, 0.79798, 0.68046, 0.5228, 0.33855, 0.18161, 0.08306, 0.03523, 0.01429, 0.01
band4
553.740031688
539.0644, 540.0444, 541.0288, 542.0346, 543.0337, 544.0524, 545.0372, 546.0417, 547.04, 548.0332, 549.0488, 550.0363, 551.0496, 552.0383, 553.0302, 554.0528, 555.0286, 556.0371, 557.0525, 558.0479, 559.0495, 560.0293, 561.0409, 562.0283, 563.0451, 564.0347, 565.0506, 566.0364, 567.0455, 568.0495, 568.239
0.01, 0.02486, 0.06528, 0.16063, 0.32227, 0.5375, 0.74947, 0.90218, 0.97069, 0.99132, 0.99793, 1.0, 0.99611, 0.98789, 0.97555, 0.96864, 0.9674, 0.97235, 0.98289, 0.98893, 0.98486, 0.97093, 0.92416, 0.81645, 0.64191, 0.43606, 0.2222, 0.08881, 0.03008, 0.01125, 0.01
band5
1242.1403787
1214.4, 1215.2, 1216.3, 1218.2, 1219.2, 1221.3, 1222.2, 1224.2, 1225.2, 1227.3, 1228.2, 1230.2, 1231.2, 1233.2, 1234.2, 1236.2, 1237.2, 1239.2, 1240.2, 1242.2, 1243.2, 1245.2, 1246.2, 1248.2, 1249.2, 1251.2, 1252.2, 1254.2, 1255.2, 1257.2, 1258.2, 1260.2, 1261.3, 1263.2, 1264.2, 1266.2, 1267.2, 1269.2, 1270.2, 1279.8
0.01, 0.01233, 0.01699, 0.02966, 0.0384, 0.06492, 0.08421, 0.14611, 0.18801, 0.298, 0.35938, 0.50425, 0.57887, 0.72176, 0.77589, 0.8435, 0.87785, 0.94359, 0.9663, 0.98948, 0.9955, 1.0, 0.9939, 0.93879, 0.8888, 0.74502, 0.65536, 0.46271, 0.37772, 0.25048, 0.20188, 0.12455, 0.0931, 0.05475, 0.04465, 0.03091, 0.02591, 0.01809, 0.01439, 0.01
band6
1629.4086281
1595.3, 1597.3, 1599.3, 1601.3, 1603.3, 1605.3, 1607.3, 1609.3, 1611.3, 1613.3, 1615.3, 1617.3, 1619.3, 1621.3, 1623.3, 1625.4, 1627.3, 1629.3, 1631.3, 1633.3, 1635.3, 1637.3, 1639.3, 1641.3, 1643.3, 1645.3, 1647.3, 1649.3, 1651.3, 1653.3, 1655.3, 1657.3, 1659.3, 1661.3, 1662.3
0.01, 0.01394, 0.02002, 0.03039, 0.04706, 0.07208, 0.11071, 0.17284, 0.26627, 0.37715, 0.50445, 0.65078, 0.78774, 0.90698, 0.98109, 1.0, 0.99638, 0.98859, 0.9788, 0.96353, 0.94223, 0.89646, 0.81799, 0.70114, 0.57083, 0.42441, 0.27591, 0.16165, 0.10093, 0.06518, 0.04386, 0.03014, 0.02021, 0.01256, 0.01
band7
2114.17642012
2059.3, 2060.4, 2065.4, 2070.4, 2075.4, 2080.3, 2085.4, 2090.4, 2095.3, 2100.3, 2105.4, 2110.3, 2115.3, 2120.4, 2125.3, 2130.4, 2135.4, 2140.4, 2145.3, 2150.4, 2155.3, 2160.4, 2165.3, 2170.3, 2174.5
0.01, 0.01102, 0.02033, 0.04087, 0.08568, 0.19331, 0.38936, 0.64119, 0.88366, 0.97316, 1.0, 0.94113, 0.86709, 0.78545, 0.68754, 0.61963, 0.55288, 0.48384, 0.38846, 0.26849, 0.15163, 0.07195, 0.03657, 0.01811, 0.01
c7
band1
646.282289659
614.09, 614.83, 617.81, 619.83, 622.81, 624.82, 627.83, 629.81, 632.83, 634.82, 637.81, 639.81, 642.82, 644.81, 647.82, 649.83, 652.83, 654.81, 657.82, 659.83, 662.81, 664.81, 667.82, 669.82, 672.82, 674.83, 677.83, 679.83, 681.71
0.01, 0.01346, 0.10661, 0.32478, 0.6805, 0.72657, 0.72552, 0.72906, 0.74153, 0.75112, 0.76965, 0.77476, 0.79162, 0.80895, 0.8589, 0.88726, 0.94813, 0.97703, 1.0, 0.96222, 0.83125, 0.75992, 0.58672, 0.42011, 0.18092, 0.09378, 0.03343, 0.01713, 0.01
band2
856.469575981
819.66, 819.77, 822.77, 824.77, 827.76, 829.76, 832.76, 834.75, 837.76, 839.76, 842.77, 844.77, 847.76, 849.76, 852.75, 854.77, 857.75, 859.76, 862.77, 864.76, 867.77, 869.75, 872.75, 874.76, 877.77, 879.76, 882.75, 884.77, 887.77, 889.75, 892.76, 894.76, 897.76, 898.36
0.01, 0.01022, 0.02278, 0.04222, 0.09593, 0.14243, 0.22729, 0.29605, 0.47277, 0.64334, 0.88505, 0.96499, 0.98056, 0.9633, 0.9378, 0.93463, 0.95766, 0.98072, 1.0, 0.98811, 0.96985, 0.94571, 0.80492, 0.62098, 0.27315, 0.14464, 0.0708, 0.05252, 0.03876, 0.03349, 0.02516, 0.01926, 0.01111, 0.01
band3
465.744684959
450.89, 451.2, 452.2, 453.18, 454.2, 455.21, 456.19, 457.2, 458.18, 459.19, 460.19, 461.18, 462.2, 463.21, 464.21, 465.2, 466.19, 467.2, 468.21, 469.19, 470.19, 471.2, 472.21, 473.19, 474.19, 475.19, 476.19, 477.2, 478.2, 479.19, 480.19, 480.75
0.01, 0.01148, 0.01998, 0.04214, 0.09823, 0.23047, 0.43977, 0.68488, 0.87078, 0.97172, 1.0, 0.97269, 0.90165, 0.83815, 0.82888, 0.83525, 0.83636, 0.84835, 0.87175, 0.89772, 0.91737, 0.90764, 0.86308, 0.78456, 0.66347, 0.50461, 0.32206, 0.16997, 0.07679, 0.03288, 0.01393, 0.01
band4
553.734573352
539.026, 539.1154, 540.1046, 541.0891, 542.0948, 543.0939, 544.1126, 545.0974, 546.1019, 547.1002, 548.0934, 549.109, 550.0966, 551.1098, 552.0985, 553.0905, 554.113, 555.0888, 556.0974, 557.1127, 558.1082, 559.1097, 560.0895, 561.1011, 562.0885, 563.1053, 564.0949, 565.1108, 566.0966, 567.1057, 568.1097, 568.1678
0.01, 0.01051, 0.02688, 0.06966, 0.16863, 0.33334, 0.54908, 0.75885, 0.90506, 0.96987, 0.98956, 0.99726, 1.0, 0.99584, 0.98742, 0.97361, 0.967, 0.96634, 0.97135, 0.98241, 0.98784, 0.98225, 0.96735, 0.91798, 0.80719, 0.62909, 0.42197, 0.21158, 0.08371, 0.02873, 0.01035, 0.01
band5
1242.20340034
1214.0, 1215.3, 1216.4, 1218.4, 1219.4, 1221.4, 1222.4, 1224.4, 1225.3, 1227.4, 1228.4, 1230.4, 1231.3, 1233.4, 1234.4, 1236.4, 1237.4, 1239.4, 1240.4, 1242.4, 1243.4, 1245.4, 1246.4, 1248.4, 1249.4, 1251.4, 1252.4, 1254.4, 1255.4, 1257.4, 1258.4, 1260.4, 1261.4, 1263.4, 1264.4, 1266.4, 1267.4, 1269.3, 1270.4, 1280.7
0.01, 0.01404, 0.01897, 0.03298, 0.04257, 0.07089, 0.09057, 0.15298, 0.19437, 0.31243, 0.37817, 0.51009, 0.57502, 0.71214, 0.77772, 0.85719, 0.87969, 0.93259, 0.95943, 0.99566, 1.0, 0.98768, 0.97589, 0.91791, 0.86676, 0.72568, 0.64621, 0.46985, 0.37676, 0.2361, 0.18918, 0.12463, 0.10004, 0.05876, 0.0446, 0.02892, 0.02411, 0.01753, 0.01496, 0.01
band6
1629.42732467
1596.4, 1597.5, 1599.5, 1601.5, 1603.5, 1605.5, 1607.5, 1609.5, 1611.5, 1613.5, 1615.5, 1617.5, 1619.5, 1621.5, 1623.5, 1625.5, 1627.5, 1629.5, 1631.5, 1633.5, 1635.5, 1637.5, 1639.5, 1641.5, 1643.5, 1645.5, 1647.5, 1649.5, 1651.5, 1653.5, 1655.5, 1657.5, 1659.5, 1661.5, 1662.7
0.01, 0.012, 0.01704, 0.02504, 0.03893, 0.06322, 0.10174, 0.16164, 0.25232, 0.36971, 0.51111, 0.6549, 0.7872, 0.90632, 0.98234, 1.0, 0.99891, 0.99203, 0.98017, 0.95379, 0.90944, 0.8447, 0.75919, 0.64098, 0.51413, 0.38748, 0.27229, 0.16571, 0.09454, 0.05822, 0.03816, 0.02602, 0.01802, 0.01244, 0.01
band7
2114.16589532
2058.8, 2060.3, 2065.3, 2070.3, 2075.3, 2080.3, 2085.3, 2090.3, 2095.3, 2100.3, 2105.3, 2110.3, 2115.3, 2120.3, 2125.3, 2130.3, 2135.3, 2140.3, 2145.3, 2150.3, 2155.3, 2160.3, 2165.3, 2170.3, 2174.3
0.01, 0.01149, 0.02118, 0.04095, 0.08773, 0.19743, 0.39354, 0.66131, 0.86688, 0.97542, 1.0, 0.93627, 0.886, 0.79181, 0.70263, 0.62571, 0.55599, 0.48889, 0.39209, 0.2687, 0.15158, 0.07988, 0.03817, 0.01621, 0.01
c8
band1
646.283443778
614.19, 614.89, 617.87, 619.89, 622.87, 624.88, 627.89, 629.87, 632.89, 634.88, 637.87, 639.87, 642.88, 644.87, 647.88, 649.89, 652.89, 654.87, 657.88, 659.89, 662.87, 664.87, 667.88, 669.88, 672.88, 674.89, 677.89, 679.89, 681.55
0.01, 0.01337, 0.11052, 0.33676, 0.68833, 0.72863, 0.72901, 0.73066, 0.74244, 0.75431, 0.77425, 0.77914, 0.79614, 0.81349, 0.86052, 0.88938, 0.94832, 0.97455, 1.0, 0.95926, 0.83027, 0.75889, 0.59131, 0.42363, 0.17951, 0.09145, 0.0318, 0.01618, 0.01
band2
856.489303479
819.91, 822.88, 824.88, 827.87, 829.86, 832.86, 834.86, 837.86, 839.87, 842.87, 844.88, 847.87, 849.86, 852.86, 854.87, 857.86, 859.86, 862.87, 864.87, 867.87, 869.85, 872.86, 874.87, 877.88, 879.86, 882.86, 884.87, 887.87, 889.86, 892.86, 894.87, 897.87, 898.34
0.01, 0.02333, 0.04251, 0.0954, 0.14214, 0.22966, 0.30475, 0.48872, 0.66051, 0.89603, 0.97183, 0.98558, 0.97044, 0.94082, 0.93923, 0.95959, 0.9833, 1.0, 0.9874, 0.96813, 0.94427, 0.80168, 0.61865, 0.26972, 0.14083, 0.06777, 0.05004, 0.03752, 0.03262, 0.02483, 0.01913, 0.01096, 0.01
band3
465.749280367
451.5, 452.17, 453.15, 454.16, 455.17, 456.16, 457.17, 458.15, 459.16, 460.16, 461.15, 462.17, 463.17, 464.17, 465.17, 466.16, 467.17, 468.17, 469.15, 470.16, 471.16, 472.17, 473.16, 474.15, 475.15, 476.16, 477.17, 478.16, 479.16, 480.16, 480.7
0.01, 0.01542, 0.03584, 0.09155, 0.22389, 0.43487, 0.68249, 0.87066, 0.97138, 1.0, 0.97245, 0.90018, 0.83677, 0.82758, 0.83364, 0.83495, 0.84878, 0.87298, 0.899, 0.91939, 0.91099, 0.86674, 0.78776, 0.66686, 0.50574, 0.32274, 0.16968, 0.07703, 0.03265, 0.01411, 0.01
band4
553.728912646
539.1556, 539.1592, 540.1484, 541.1329, 542.1387, 543.1378, 544.1564, 545.1412, 546.1458, 547.144, 548.1373, 549.1528, 550.1404, 551.1536, 552.1423, 553.1343, 554.1569, 555.1326, 556.1412, 557.1566, 558.152, 559.1536, 560.1334, 561.145, 562.1323, 563.1492, 564.1387, 565.1547, 566.1404, 567.1495, 568.1051
0.01, 0.01002, 0.02795, 0.0715, 0.17313, 0.34056, 0.55772, 0.76501, 0.9085, 0.97147, 0.99118, 0.9973, 1.0, 0.99465, 0.98614, 0.97329, 0.96622, 0.96557, 0.97141, 0.98169, 0.98597, 0.98056, 0.96406, 0.91314, 0.80003, 0.62037, 0.4121, 0.20374, 0.07922, 0.02714, 0.01
band5
1242.16115288
1214.2, 1215.3, 1216.4, 1218.4, 1219.4, 1221.4, 1222.3, 1224.4, 1225.3, 1227.4, 1228.3, 1230.3, 1231.3, 1233.3, 1234.4, 1236.4, 1237.3, 1239.3, 1240.4, 1242.3, 1243.3, 1245.4, 1246.4, 1248.3, 1249.3, 1251.4, 1252.3, 1254.3, 1255.4, 1257.3, 1258.4, 1260.4, 1261.4, 1263.4, 1264.3, 1266.3, 1267.4, 1269.3, 1270.4, 1278.8
0.01, 0.01334, 0.01799, 0.03126, 0.04062, 0.06948, 0.08907, 0.14784, 0.18716, 0.30054, 0.36904, 0.51892, 0.58376, 0.70966, 0.77623, 0.8766, 0.90788, 0.94532, 0.96159, 0.99247, 1.0, 0.98537, 0.96873, 0.90869, 0.85912, 0.71837, 0.6388, 0.47844, 0.39723, 0.24446, 0.18539, 0.1161, 0.09396, 0.06188, 0.04921, 0.02935, 0.02301, 0.01597, 0.01374, 0.01
band6
1629.39715004
1596.4, 1598.2, 1600.1, 1602.1, 1604.1, 1606.2, 1608.1, 1610.1, 1612.2, 1614.1, 1616.1, 1618.2, 1620.1, 1622.1, 1624.1, 1626.2, 1628.1, 1630.1, 1632.1, 1634.1, 1636.1, 1638.2, 1640.1, 1642.2, 1644.1, 1646.1, 1648.2, 1650.1, 1652.1, 1654.2, 1656.2, 1658.1, 1660.2, 1662.2, 1662.4
0.01, 0.01376, 0.02012, 0.0301, 0.04567, 0.07255, 0.11956, 0.19286, 0.29643, 0.42206, 0.57849, 0.73534, 0.84736, 0.93232, 0.98551, 1.0, 0.99936, 0.99479, 0.98449, 0.96052, 0.90608, 0.82241, 0.72046, 0.59267, 0.46098, 0.33848, 0.24297, 0.16524, 0.10035, 0.05483, 0.03246, 0.02129, 0.01467, 0.01039, 0.01
band7
2114.20101592
2058.5, 2060.5, 2065.5, 2070.5, 2075.5, 2080.5, 2085.5, 2090.5, 2095.5, 2100.5, 2105.5, 2110.5, 2115.5, 2120.5, 2125.5, 2130.5, 2135.5, 2140.5, 2145.5, 2150.5, 2155.5, 2160.5, 2165.5, 2170.5, 2175.1
0.01, 0.01201, 0.0217, 0.04233, 0.09239, 0.2016, 0.40939, 0.66609, 0.86359, 1.0, 0.98362, 0.94791, 0.88457, 0.79622, 0.71013, 0.63043, 0.56438, 0.4856, 0.38311, 0.26017, 0.15427, 0.07889, 0.03269, 0.01658, 0.01
c9
band1
646.283054204
614.11, 614.93, 617.91, 619.93, 622.91, 624.92, 627.93, 629.92, 632.93, 634.92, 637.92, 639.92, 642.93, 644.91, 647.92, 649.93, 652.94, 654.91, 657.92, 659.94, 662.91, 664.91, 667.92, 669.92, 672.92, 674.93, 677.93, 679.93, 681.56
0.01, 0.01437, 0.11525, 0.347, 0.69625, 0.73325, 0.73401, 0.73569, 0.74722, 0.75819, 0.77885, 0.78507, 0.80246, 0.81764, 0.86474, 0.89344, 0.95209, 0.97741, 1.0, 0.95828, 0.83195, 0.76137, 0.59483, 0.42756, 0.18322, 0.09096, 0.03171, 0.01628, 0.01
band2
856.474504315
819.44, 819.98, 822.98, 824.98, 827.98, 829.97, 832.97, 834.97, 837.97, 839.97, 842.98, 844.98, 847.98, 849.97, 852.97, 854.98, 857.97, 859.97, 862.98, 864.97, 867.98, 869.96, 872.96, 874.97, 877.99, 879.97, 882.97, 884.98, 887.98, 889.96, 892.97, 894.98, 897.97, 898.58
0.01, 0.0112, 0.02489, 0.04389, 0.09566, 0.14275, 0.23155, 0.31146, 0.50249, 0.676, 0.90373, 0.97799, 0.99187, 0.97732, 0.94467, 0.94472, 0.96168, 0.98453, 1.0, 0.9855, 0.96618, 0.939, 0.7984, 0.6142, 0.26924, 0.13836, 0.06613, 0.04815, 0.0369, 0.03254, 0.02513, 0.01973, 0.0112, 0.01
band3
465.749160218
451.49, 452.19, 453.17, 454.18, 455.2, 456.18, 457.19, 458.17, 459.18, 460.18, 461.17, 462.19, 463.2, 464.2, 465.19, 466.18, 467.19, 468.2, 469.18, 470.18, 471.19, 472.2, 473.18, 474.18, 475.18, 476.18, 477.19, 478.18, 479.18, 480.18, 480.64
0.01, 0.01569, 0.03597, 0.09381, 0.22787, 0.43984, 0.68743, 0.87489, 0.97422, 1.0, 0.97173, 0.90087, 0.83578, 0.82639, 0.83272, 0.8351, 0.84964, 0.87299, 0.89976, 0.9189, 0.91003, 0.86538, 0.7852, 0.66367, 0.50238, 0.31939, 0.16678, 0.07517, 0.03148, 0.01335, 0.01
band4
553.729060138
539.0965, 539.1841, 540.1733, 541.1577, 542.1635, 543.1626, 544.1813, 545.1661, 546.1706, 547.1689, 548.1621, 549.1777, 550.1652, 551.1785, 552.1672, 553.1591, 554.1817, 555.1575, 556.166, 557.1814, 558.1768, 559.1784, 560.1582, 561.1698, 562.1572, 563.174, 564.1636, 565.1795, 566.1653, 567.1744, 568.1353
0.01, 0.01051, 0.02834, 0.07355, 0.17693, 0.34663, 0.56456, 0.77218, 0.91393, 0.97552, 0.99298, 0.99785, 1.0, 0.9939, 0.98595, 0.97436, 0.96928, 0.96993, 0.97627, 0.98623, 0.98989, 0.98366, 0.96619, 0.91278, 0.797, 0.61591, 0.40672, 0.19985, 0.0765, 0.02629, 0.01
band5
1242.16528757
1214.4, 1215.5, 1216.5, 1218.5, 1219.5, 1221.5, 1222.5, 1224.5, 1225.5, 1227.5, 1228.5, 1230.5, 1231.5, 1233.5, 1234.5, 1236.5, 1237.5, 1239.5, 1240.5, 1242.5, 1243.5, 1245.5, 1246.5, 1248.5, 1249.5, 1251.5, 1252.5, 1254.5, 1255.5, 1257.5, 1258.5, 1260.5, 1261.5, 1263.5, 1264.5, 1266.5, 1267.5, 1269.5, 1270.5, 1277.5
0.01, 0.01329, 0.01805, 0.03083, 0.03996, 0.06875, 0.08934, 0.15374, 0.19422, 0.30629, 0.37533, 0.54033, 0.62036, 0.75432, 0.80975, 0.90387, 0.94192, 0.98334, 0.98754, 0.99528, 1.0, 0.99124, 0.97553, 0.91188, 0.86216, 0.71543, 0.62797, 0.45989, 0.38584, 0.25635, 0.19736, 0.11028, 0.08587, 0.05676, 0.04662, 0.03147, 0.02498, 0.01575, 0.01288, 0.01
band6
1629.37655143
1596.2, 1597.8, 1599.7, 1601.7, 1603.7, 1605.8, 1607.7, 1609.7, 1611.7, 1613.7, 1615.7, 1617.7, 1619.7, 1621.7, 1623.7, 1625.8, 1627.7, 1629.7, 1631.7, 1633.7, 1635.7, 1637.7, 1639.7, 1641.7, 1643.7, 1645.7, 1647.7, 1649.7, 1651.7, 1653.7, 1655.7, 1657.7, 1659.8, 1661.8, 1662.1
0.01, 0.01328, 0.01982, 0.02955, 0.0442, 0.06798, 0.10645, 0.17225, 0.2732, 0.39684, 0.55422, 0.72624, 0.8797, 0.97376, 0.99312, 1.0, 0.99945, 0.99547, 0.98801, 0.97458, 0.94827, 0.87608, 0.77709, 0.6447, 0.49966, 0.35912, 0.25075, 0.17197, 0.11721, 0.07461, 0.04266, 0.02451, 0.0154, 0.01047, 0.01
band7
2114.17886525
2058.8, 2060.6, 2065.6, 2070.6, 2075.6, 2080.6, 2085.6, 2090.6, 2095.6, 2100.6, 2105.6, 2110.6, 2115.6, 2120.6, 2125.6, 2130.6, 2135.6, 2140.6, 2145.6, 2150.6, 2155.6, 2160.6, 2165.6, 2170.6, 2175.3
0.01, 0.01183, 0.02158, 0.04344, 0.09374, 0.2065, 0.42264, 0.67123, 0.89904, 1.0, 0.99226, 0.95434, 0.8827, 0.81091, 0.71899, 0.64486, 0.5734, 0.48559, 0.38362, 0.26127, 0.15158, 0.06941, 0.03327, 0.01821, 0.01
